3
2
1000
0.033316317965847 0.691316897824175 
0.053463816884352 0.190817297745278 
0.617320529402532 0.071739596316222 
0.086593819855556 0.791910385242962 
0.381233013981100 0.007110749327055 
0.901300561370562 0.371648015206798 
0.486416158348255 0.189232267960327 
0.905917896793719 0.643647100590412 
0.469430977958317 0.634255425171533 
0.991749005136653 0.073370689507856 
0.597386417493595 0.625833305502069 
0.471547856107164 0.868771896183454 
0.371402630070105 0.382627756060559 
0.423393271150478 0.342341458738702 
0.820919470286062 0.327521183863986 
0.577315401867380 0.707944023262108 
0.509900658455684 0.559515409079294 
0.363479284521824 0.427585963909783 
0.110555359932361 0.759183403211736 
0.378425829411839 0.681265337783215 
0.991018712885773 0.294672001526472 
0.319815991479945 0.397312485729587 
0.510503186617247 0.737636740633269 
0.390318466845857 0.551137513084745 
0.618753098540581 0.347122777228149 
0.277727780966272 0.117058626345776 
0.916205012310069 0.334288556383178 
0.081093771428398 0.140893360842380 
0.547076605406438 0.882001890035402 
0.971589364488444 0.890252335813364 
0.169677585823700 0.960720499279691 
0.952038934397059 0.934983002340119 
0.776555865841616 0.955702745264198 
0.810474477915219 0.311968816935866 
0.321663029219320 0.000475765851925 
0.250782510408254 0.636496753389034 
0.952543278959336 0.697622615142391 
0.227449593803186 0.136664503123933 
0.142619988003669 0.600331309978934 
0.711609947499574 0.107805546872301 
0.171975140247673 0.426782688449395 
0.472043881274975 0.210669337443598 
0.214586274453535 0.484336075661800 
0.967470854125302 0.370100301765211 
0.755806694699383 0.191604837468714 
0.115426713798570 0.770218495344587 
0.185944394755399 0.903896672022026 
0.528209514093628 0.587611442587907 
0.194115878531240 0.471126418901088 
0.787823969338031 0.655805144319272 
0.021121160658331 0.087191615321547 
0.469549761628012 0.212289985590133 
0.720906609326929 0.025934369506686 
0.917704266763024 0.243634898694969 
0.327252575162394 0.801195445338907 
0.227365481512072 0.714731030547279 
0.225643099110450 0.137099652353780 
0.492266539449653 0.144963957690944 
0.089845349402849 0.889593967556800 
0.141768017903824 0.577121484248950 
0.458546430163690 0.721393485805685 
0.108760142114072 0.974101517887597 
0.399466277505311 0.899871801835639 
0.645541734426882 0.473992727899481 
0.736684488115496 0.061066701696049 
0.836168645942191 0.735858112963054 
0.001490625406483 0.162853630589387 
0.241458971871562 0.816559838444774 
0.607886588973463 0.136473091129571 
0.656788719222655 0.633220985934721 
0.750940872174310 0.937980274984252 
0.663005608860590 0.086428411321003 
0.179514215000734 0.799818523942473 
0.507235300700448 0.346037736979065 
0.304447056679747 0.487600835714289 
0.863048598472211 0.634450393473906 
0.069118801228255 0.278316469291828 
0.188404216989162 0.081489523430554 
0.631359986197590 0.193562302545986 
0.724976559515562 0.870509966693620 
0.184018069461165 0.745031904573731 
0.663923577919142 0.947135077384761 
0.176048403326360 0.079377608415559 
0.640844832703975 0.020021001872478 
0.786821963328474 0.945694038973728 
0.516625317226391 0.447306839858289 
0.753411643476188 0.351253793041361 
0.351056132575163 0.872917057175508 
0.553939718487621 0.119759905904754 
0.582567787776341 0.153640201259053 
0.509638752654815 0.821261020867117 
0.690108108546397 0.200915463082799 
0.584098979972018 0.704009466702788 
0.032141069300028 0.850517512198031 
0.530245486041935 0.325924140650152 
0.132939087514645 0.768836340633591 
0.563908418836796 0.556953691239632 
0.417785949990850 0.706207817143104 
0.927420417852334 0.503517747577141 
0.286403169828777 0.115758267194616 
0.547495095366983 0.692337084837474 
0.457857949366768 0.270483505559520 
0.488711292405402 0.543346278759362 
0.720405913790886 0.531791577643580 
0.057247715529527 0.760015419339465 
0.576167574714163 0.349495496139290 
0.219083077869462 0.770289901824315 
0.783232100888799 0.906250471397929 
0.462697214197910 0.762490443194790 
0.466728215771106 0.058687798586742 
0.358378755740955 0.177898181941095 
0.295596422036049 0.373005412368676 
0.844565625566239 0.745382484874654 
0.203242668800557 0.604532956803849 
0.706214240471697 0.273311996423733 
0.267948703681267 0.928796925214223 
0.801014756237969 0.450122180585267 
0.662859672359526 0.595869508515191 
0.336338588964119 0.847295510886553 
0.035564730130095 0.450292058907119 
0.903125911978767 0.167143008004073 
0.283731930202452 0.935622764010501 
0.032490812391309 0.532659274691622 
0.455953960566605 0.785664762549698 
0.756641560319331 0.277855119397803 
0.425906355424315 0.593690121001024 
0.027784621425138 0.264355497153688 
0.063115428085336 0.846481451902144 
0.877000753692379 0.223682595432870 
0.855078301854377 0.811772195915909 
0.879652052250829 0.004527270047860 
0.323172918055257 0.875673033910652 
0.834699053728579 0.890444620487262 
0.118740747774071 0.540930981184290 
0.562377550320405 0.345792179487221 
0.385920988798238 0.317374511237046 
0.378004520625338 0.646362276091348 
0.834259683879874 0.162656375884486 
0.109253675290226 0.856042571904533 
0.976812715836512 0.964413665045522 
0.490060798785844 0.521972146210764 
0.158407139951260 0.794222113041466 
0.386389534708467 0.278042716039549 
0.323920551328354 0.309229736882195 
0.587408840290535 0.270227738094787 
0.957882915880044 0.729112661922011 
0.830203311063422 0.947104879796929 
0.264401843048127 0.274003689859515 
0.316958126035053 0.295070232778339 
0.450356265256713 0.813302121158136 
0.230630280331129 0.040125137570985 
0.924999696724771 0.745781051937608 
0.658438993152075 0.686749799929007 
0.335559036754309 0.808166301068598 
0.892077127839658 0.519260293602899 
0.621110822952432 0.592368705447775 
0.289367129716742 0.852178477037187 
0.685961126624667 0.040809569802585 
0.754154369370489 0.883527221254373 
0.868951700687812 0.084786856618194 
0.419551495175809 0.478596168015697 
0.116559799701669 0.892587266794655 
0.304217705666069 0.091605817498849 
0.655353886434663 0.902057467290690 
0.552176958468228 0.818830917669134 
0.003314082403581 0.926605399716052 
0.363749723383194 0.269126701150903 
0.359720061900318 0.144110315533380 
0.878492904826698 0.536434413602327 
0.769755345544885 0.704978420960860 
0.080613210245562 0.063725204312228 
0.972672073907775 0.028587974788633 
0.263139110678489 0.598974654339106 
0.511305347504911 0.596626717895779 
0.709207340972961 0.761142614191466 
0.505921985653536 0.197331019822194 
0.027139906667072 0.957766161526029 
0.476833295147915 0.126394888583430 
0.010557800574748 0.525656013610636 
0.737897579359215 0.808324577749557 
0.985598293291297 0.002319727146364 
0.176982529940248 0.666271893315609 
0.354372451762377 0.378118012631526 
0.689653515671630 0.838887703768790 
0.447120708808706 0.027792587709015 
0.138798925650484 0.519494742262254 
0.855093322495996 0.774887741966542 
0.475599284385608 0.275886454006730 
0.132004315065385 0.203720174422099 
0.576191448615959 0.698316623308032 
0.123976691783214 0.900933901418503 
0.423575546724978 0.118752395878073 
0.216217538151851 0.782311143429131 
0.495756691290100 0.946220824908518 
0.469232057195633 0.040391643795776 
0.608809519468235 0.371087301704423 
0.958205334666607 0.534586395533275 
0.007498329242901 0.805361663511653 
0.626251605759075 0.637854333416422 
0.196281381133971 0.446635713838741 
0.615550553786203 0.652643618124272 
0.859972932349325 0.780013882135186 
0.349961053639472 0.913681266743750 
0.236032194050359 0.665406283504451 
0.608522307129907 0.606328736736322 
0.469393177195513 0.896811409270809 
0.451323528434409 0.146602893455833 
0.805945344875535 0.765723415132478 
0.137542947585805 0.692595175652195 
0.962219928690501 0.212556996859752 
0.110027426547520 0.986904588238503 
0.646532064448377 0.607990230164144 
0.711604680845156 0.265832411839388 
0.000774334770874 0.070383991589006 
0.545389554377279 0.413470310438684 
0.682252753865049 0.495944270344518 
0.294667164942657 0.887445056909729 
0.411401096712239 0.155051214360551 
0.377505014788607 0.197967343428625 
0.073905266256685 0.791187081134010 
0.027067352517438 0.882963571408642 
0.884714424013409 0.648152567261206 
0.260674767619220 0.989453443367302 
0.696611073951448 0.746769058009893 
0.728972655420968 0.044968151599265 
0.267457501091045 0.034022365237220 
0.621142318238568 0.382687537055491 
0.187931178301484 0.735610614329162 
0.642908947157008 0.470106602475009 
0.215507369631427 0.357117736129745 
0.581170813088575 0.583425365626005 
0.960642326779587 0.299541001370349 
0.122394549835019 0.768488012837219 
0.227555599351679 0.981659287440976 
0.401491616244417 0.533981176512696 
0.824705431878982 0.694736308612292 
0.223711251735578 0.133732815203531 
0.328996867083951 0.154311361135362 
0.024155712979773 0.612336838087978 
0.112956838377409 0.859337237259975 
0.407843911951155 0.011961143241133 
0.925556196914513 0.920683141900905 
0.547819364552077 0.268079442159546 
0.455054266443719 0.979028644462031 
0.809619824860661 0.358000211051553 
0.596186005265185 0.196431619799974 
0.717494816299824 0.208448940079435 
0.594208114401069 0.076361637494538 
0.781078901712225 0.717092381132035 
0.844764783983247 0.043748082516591 
0.760797878148224 0.997776810600843 
0.891230000778961 0.299599492649377 
0.666106147546424 0.620384697494172 
0.080128006533728 0.454009085975547 
0.152723112560038 0.183597029564391 
0.410429058104881 0.836868960412752 
0.013357527987307 0.032481722128214 
0.343962948799163 0.187373153857216 
0.140978203158722 0.312710779133496 
0.731887954925334 0.631397821890200 
0.684510651979391 0.839342354436192 
0.556098464066140 0.470104519861871 
0.113908723348458 0.450485876087883 
0.884649374573856 0.323620161206152 
0.564871342646216 0.614802240854254 
0.296721128032256 0.600405379314210 
0.143044304463498 0.066672498455955 
0.045344413085741 0.095930643517452 
0.833367365886454 0.154002998179740 
0.395048696555241 0.763537375366027 
0.282297772948669 0.401016063335163 
0.896794258076416 0.345868868488143 
0.998960679455799 0.512009299029866 
0.843992627254002 0.607014166367345 
0.455848367862196 0.671948902236331 
0.791115977683856 0.363515200623630 
0.160509434897726 0.535895199409722 
0.810340332011867 0.376645896521492 
0.016740258025387 0.741641683658617 
0.111864325284349 0.438879302773704 
0.197110819399862 0.128581106993733 
0.759988889140031 0.664216976810194 
0.308227596770213 0.100695968460757 
0.479740083608199 0.075062453827594 
0.845956230709392 0.732702241107085 
0.967761202626460 0.067578452789568 
0.809897475170364 0.285759212813702 
0.696396816711777 0.232975316494782 
0.874729730623202 0.772790362990875 
0.931335912545151 0.313936165077412 
0.700601989355056 0.093343283925349 
0.570876873807470 0.783391751906997 
0.805581471351848 0.044049515578755 
0.458822424030622 0.647115956780957 
0.920230477317388 0.203127810773052 
0.023208029120205 0.592120712013581 
0.897706809305076 0.286007305499692 
0.449512053418725 0.529587126234865 
0.062353550598437 0.074029800113046 
0.109692160565644 0.914076754351581 
0.345562793147386 0.429323084932794 
0.637336845223158 0.960025610266652 
0.679769804895544 0.226320504726377 
0.864416941636774 0.022030845084305 
0.899753046145172 0.254033873124839 
0.816567006394726 0.957197686577395 
0.834986693414951 0.273070877312886 
0.101521867337629 0.245822643090216 
0.367612334773166 0.447519665769079 
0.319278578587943 0.010946015731017 
0.977666618380593 0.314207051478279 
0.572750192047887 0.847815372202343 
0.700522238482483 0.300469232826293 
0.764122063914011 0.551058744284784 
0.481069836277909 0.556456669135777 
0.124817422154230 0.410374630842288 
0.624988787914899 0.529127583600094 
0.345923930378604 0.734803362894443 
0.419524896968358 0.272467801241146 
0.751128261707196 0.661152417512365 
0.024513762137151 0.962106490220072 
0.185651541120113 0.103906137784187 
0.418958383616851 0.462381452546000 
0.682372706093471 0.911957564927737 
0.529290564333945 0.080039211091906 
0.510273470899685 0.911758891371242 
0.662514964140427 0.831138808692283 
0.910532936113169 0.536993838900373 
0.020756210071273 0.646360693709319 
0.682045627298867 0.171633793973097 
0.383298828216403 0.944804685719395 
0.790831998024725 0.166246946910728 
0.008030295414664 0.917494525046850 
0.346755445549959 0.726687800826127 
0.426268273066946 0.679188332856318 
0.616155854891708 0.519801794435376 
0.083272665278479 0.170727975983572 
0.220454313684586 0.892538059445292 
0.711314102276372 0.324042832603336 
0.308479399913388 0.058871047701977 
0.912990537532164 0.538056042898271 
0.284210414969202 0.473189109440399 
0.679553489099420 0.956124420339076 
0.621828620570427 0.879316571907791 
0.472326855393643 0.384276168162330 
0.406412628600779 0.201093490391241 
0.054870348496406 0.944392781192952 
0.501309273299512 0.523444498099349 
0.479360660888673 0.717614758737696 
0.662157042332027 0.902126974777873 
0.502733668187826 0.700633877386722 
0.492733892449846 0.635855733618625 
0.236450941531354 0.371166432097505 
0.869247157583677 0.936259527478275 
0.018324731205624 0.038786281828873 
0.347378111633513 0.639132795973189 
0.335655242193539 0.943427727074955 
0.110339243855612 0.714703260983734 
0.126004851597018 0.756252414703336 
0.216397756144180 0.855144300747974 
0.935254173943366 0.736206246110893 
0.260763796334497 0.344318778416832 
0.222154593011025 0.300475860001928 
0.079437602599770 0.747748408099202 
0.564413268282837 0.178186467316805 
0.791554635466111 0.700061136249469 
0.643415831053257 0.634066076785636 
0.301963525253886 0.212676446689398 
0.663013077596685 0.472433662210266 
0.367216714148705 0.476246364320394 
0.292367904810593 0.661751749179369 
0.465848902779873 0.090377922746514 
0.313679126704639 0.456116926571525 
0.007764014853418 0.017420304040901 
0.902669136474936 0.832443918521934 
0.867746624992700 0.327608244864762 
0.873042772791520 0.910732782630031 
0.834558624679822 0.979610531024792 
0.275694852708927 0.779690268335729 
0.329778206611895 0.463540424384270 
0.459264332738109 0.811110501590604 
0.669482393004342 0.122743026173735 
0.070703343145042 0.113801862000115 
0.217070744033674 0.366181791394514 
0.502849557478985 0.251480448245868 
0.006972296982557 0.785004532817464 
0.980560792803377 0.728933279109851 
0.806673557491641 0.394877321474752 
0.817790924168965 0.036886529629427 
0.128450927013689 0.839931883960334 
0.375056616368973 0.238397904887979 
0.402385291827103 0.414680501457718 
0.900064758729116 0.178224310226707 
0.378683180175386 0.187009840730723 
0.743840357773860 0.401499042963059 
0.840022938268750 0.338373187768772 
0.410515756411532 0.779185719235767 
0.873590447077243 0.076558301401674 
0.521011441463637 0.655158568627240 
0.277664094335142 0.121915676199390 
0.049159771392814 0.053391904944425 
0.159053596207996 0.819690414628719 
0.123392901540865 0.113624202666993 
0.415393484675490 0.389108026885278 
0.277936390881364 0.459995124463082 
0.590236018873098 0.684122687241247 
0.284520650836562 0.649536519385968 
0.539085261127860 0.111244332734559 
0.598942485123414 0.196031305835984 
0.450957837631929 0.026618433968866 
0.016379110628297 0.919637163792581 
0.032752112260857 0.017540639800194 
0.345177913516775 0.533804237825543 
0.082652772299350 0.962845696692012 
0.780914770506730 0.448399458627001 
0.253992499512237 0.662118274897310 
0.190834764481725 0.741582748720958 
0.542438684464474 0.125431107258124 
0.703358908891028 0.132862540924031 
0.917067370565490 0.323323415619469 
0.838161227341655 0.575892239247691 
0.559833093425678 0.310990664990457 
0.909390455099162 0.781950380149897 
0.378137406307505 0.161164441987712 
0.587931406807651 0.583681580751766 
0.811645153881305 0.066918880579096 
0.318170648156574 0.553557003873963 
0.467192338272872 0.308648210360208 
0.750552453991122 0.702646751186008 
0.784574933789677 0.518717458646931 
0.473280301885887 0.402678903033766 
0.761203206653432 0.822796438659078 
0.104840093570649 0.897992600051812 
0.745051564694242 0.988644769514468 
0.243591428318703 0.903876278030522 
0.443029133031523 0.671123589411357 
0.861493764574977 0.823913630535821 
0.585841468005926 0.206467409116122 
0.476103902312258 0.061343941251308 
0.140609693982369 0.179357387506606 
0.838302864190251 0.748075465666576 
0.568957700547302 0.163095000734299 
0.932778882159114 0.969873500002153 
0.390974268538392 0.616183247409447 
0.804115155591230 0.227377983588069 
0.234401928324438 0.907879619460319 
0.093400049052241 0.439987717404647 
0.623599408407980 0.840793947895183 
0.198598598236583 0.273281408795659 
0.994270258095556 0.840360911092095 
0.656493910807105 0.950528682690873 
0.807645641194405 0.189025687485761 
0.684827877694837 0.994976664806235 
0.181753787501855 0.297238442839793 
0.820340359362983 0.541980755504495 
0.157605046080062 0.023861746895529 
0.241726930693978 0.958681237855193 
0.574565781332462 0.485352111680263 
0.676104958433113 0.513809565465524 
0.541890483230495 0.626085226940164 
0.753398690307219 0.751341760234558 
0.662326059017380 0.061452274391310 
0.295123934759069 0.039098486092008 
0.488898166560686 0.350861842349070 
0.302373265011552 0.487024585216559 
0.177434418964011 0.909540730580407 
0.342373341888385 0.059763633368169 
0.935074632481404 0.226034157978237 
0.623805769081001 0.244275569627575 
0.658963900897967 0.916563544736088 
0.298153496590697 0.075628785700496 
0.109519131166435 0.417908583139980 
0.427655204315724 0.672730358368498 
0.069105361646444 0.797237293102031 
0.620019985468058 0.690641372408857 
0.199653230565965 0.240316175270427 
0.545875483909009 0.257256528507458 
0.731694590207989 0.268789952370082 
0.426992572842703 0.029510905142407 
0.692488249924993 0.632728725113369 
0.111650005903882 0.977908477459025 
0.112353206578907 0.126397397594026 
0.538073180818051 0.388050887608633 
0.536022380087292 0.283211122487273 
0.227700755282679 0.353976777954294 
0.209774547828426 0.020097061596485 
0.947104086331703 0.730505719566356 
0.515298219102477 0.821991646177423 
0.830703573109280 0.110412861964210 
0.577685808244586 0.983959894634113 
0.065997871174663 0.897143623020454 
0.487652319646410 0.761430886447356 
0.708840460008664 0.954910570016030 
0.247017748801691 0.018301900921977 
0.318370098432207 0.635397039513876 
0.371687856752083 0.108171055470261 
0.879520455545932 0.203925599428635 
0.067813160814905 0.275716353529390 
0.915606020352616 0.817831459399518 
0.034501632381603 0.823246654944816 
0.784300147053956 0.245914246345559 
0.240405317076427 0.651708180314929 
0.897392820090409 0.460224333153185 
0.471696920217219 0.555937727204941 
0.008035178108473 0.080072557047823 
0.055397721998723 0.830711600061156 
0.768748208042586 0.403034943653828 
0.924712882914234 0.327147262584938 
0.479293951760801 0.418857320678364 
0.111976386608647 0.088272374816911 
0.315576957180870 0.769546658524289 
0.830002445173380 0.088083564666416 
0.359064831671757 0.092569951804906 
0.534085887763879 0.400175690552458 
0.430786578078084 0.563962881042992 
0.744589377227244 0.330029064212087 
0.074787924498272 0.744284762008283 
0.954000325676788 0.659301322708016 
0.032993144336950 0.022737783443682 
0.642536047415207 0.170976972008693 
0.206742977644261 0.053402467757412 
0.282820744590970 0.050986927377583 
0.409848968308334 0.582423118761916 
0.226853201938527 0.594916672828290 
0.183824393770863 0.976110694528214 
0.537429914628722 0.887680958246399 
0.568022787629945 0.577312575025023 
0.151382656775326 0.769549407192330 
0.995734680110776 0.741032346779447 
0.243436002401796 0.453666385300088 
0.421864333835861 0.030164543261119 
0.297184610024387 0.618215314511133 
0.378627728862565 0.588343193960806 
0.183636140162412 0.660636380147694 
0.902784040425444 0.149284815277993 
0.497960437305791 0.071813198018663 
0.181232851828906 0.490640011552827 
0.511531354031643 0.564903434549290 
0.321379396563559 0.395250432864707 
0.359042507123939 0.676494196833923 
0.868491256147271 0.343840411247130 
0.499423972840859 0.047022965231675 
0.564339143384916 0.230555913794101 
0.064481975678534 0.482910628711327 
0.369735802320657 0.366395706717096 
0.440628866364634 0.204612685318319 
0.958156498699497 0.915462964520331 
0.316766254491276 0.392801226064256 
0.728445515330004 0.695097926735789 
0.475329522722105 0.259149056227384 
0.881682852941030 0.963335240225758 
0.803696730354218 0.388694200187541 
0.260606144521320 0.415762463652238 
0.359610738408265 0.027522078012254 
0.459552816681669 0.118739016242159 
0.836958781144831 0.322508961382272 
0.178707743860284 0.517067327421872 
0.447198401740956 0.259129590437363 
0.918512338226337 0.971591413456953 
0.056914644661978 0.188838324789471 
0.888410888622280 0.505830396344656 
0.403438389054231 0.389292335313169 
0.438680719455820 0.570637168389310 
0.348150863652896 0.058691843371508 
0.414912492660068 0.672006059389833 
0.421045300292976 0.509771183351069 
0.581778091969873 0.649535121160225 
0.360311184560335 0.099482030792568 
0.666042685854860 0.241682127170751 
0.957152539249416 0.607167530192942 
0.628349412667419 0.328836090044279 
0.278746625709370 0.357034510517827 
0.489123723343561 0.906358637416671 
0.261194904680657 0.369988361733656 
0.406016280044804 0.407132851341753 
0.739513421099701 0.225403116275156 
0.728622527689005 0.466789543763768 
0.213154892074069 0.115157015742978 
0.440787891119487 0.604663960314039 
0.033250473566556 0.780271688004174 
0.741627857937669 0.579668801953478 
0.241704058564189 0.634751057948831 
0.513462253995614 0.372652198976231 
0.992467507763747 0.401723387270800 
0.078183475763698 0.845441745402888 
0.341770717823170 0.013748485852850 
0.953149043034105 0.131659334335786 
0.206775027740782 0.362158985699465 
0.283508429303608 0.725523331290521 
0.461064997053489 0.719563387867539 
0.249945293600057 0.052238188937981 
0.460587411128611 0.305145330380757 
0.029135877034540 0.027204305584424 
0.775092902884546 0.514152487112825 
0.818795077480954 0.741163208118137 
0.537830490575068 0.790975193937498 
0.030001639355682 0.944526711693718 
0.620190122828071 0.989473675109557 
0.996564646521122 0.446521054812572 
0.788184708575425 0.334719854768053 
0.454513564949587 0.893409739016427 
0.104107276149197 0.777077942356015 
0.604364118510693 0.644942200261416 
0.099395173987381 0.612555622600457 
0.784633354068435 0.629307418021171 
0.663677735688875 0.732615684365104 
0.657146842697240 0.124255004202344 
0.170179892640419 0.762145394105832 
0.333001545842343 0.385679225190745 
0.089098981985858 0.646039065819772 
0.052618182060002 0.924843230536621 
0.228267358767817 0.952856878387783 
0.874137423513485 0.021555067212254 
0.784359244533289 0.278281130851697 
0.321484186613205 0.752988559121733 
0.588094772220670 0.651598241820106 
0.096744820364621 0.416475581081982 
0.283340235055906 0.775193513464128 
0.771072289759153 0.729479181233033 
0.692698284259045 0.260052834401253 
0.834155021452225 0.601089241861392 
0.291127511576079 0.759523473356823 
0.604354509408192 0.586765793479533 
0.534326127097691 0.049094082374001 
0.279938377212187 0.361687520226234 
0.770059449518043 0.651711805700181 
0.846404876104280 0.677946055364499 
0.598306484486844 0.566161754793365 
0.645715369562847 0.306959156862083 
0.840046455476081 0.020292864206556 
0.160322218073770 0.410859130749800 
0.724700653031752 0.941380889956864 
0.968198724221609 0.635245071519746 
0.512691288137328 0.012677836263919 
0.884649407037972 0.970571147446679 
0.532273373883183 0.768204775644708 
0.022497779246453 0.090574876926322 
0.528741935720416 0.167102502029292 
0.874320574686685 0.443533202642464 
0.299311160174045 0.484362904005565 
0.548716278835509 0.845766403606650 
0.818408309301410 0.156520921720897 
0.977167336598057 0.706692726034140 
0.445820015546625 0.428895600509270 
0.248874809846594 0.300869585790522 
0.354073881013306 0.265226037137306 
0.228015272731642 0.694840029543998 
0.011633942840294 0.001056031735307 
0.261189310840190 0.035235689777325 
0.414933638249225 0.648978773203567 
0.092402200468901 0.909470684124912 
0.774965168897599 0.596861447880614 
0.068736699744414 0.401493301988700 
0.533089609515451 0.679426409505732 
0.341949064644932 0.282445440771745 
0.905927596317302 0.249074342403803 
0.049539012692554 0.499712408258165 
0.640635027590650 0.923592023680629 
0.393415077403222 0.757728671522583 
0.299564639080285 0.146395258029475 
0.125097167186952 0.520037616509855 
0.187258542099612 0.559215798974021 
0.193467984471268 0.204486727191317 
0.982912751711202 0.457648018387269 
0.214405809195019 0.692071832023580 
0.247899942038615 0.276729751964847 
0.981201172645251 0.524827358978625 
0.240631801451231 0.136739121959896 
0.450480290275960 0.329291847220278 
0.889987973346305 0.968646933539015 
0.510428442927536 0.069461548548822 
0.353733481346065 0.634172234077016 
0.366427033178301 0.706776700679659 
0.319792270850750 0.757146457944745 
0.563787799026741 0.724568945873679 
0.095939398012272 0.690899014440275 
0.508088756689886 0.760530423786305 
0.577420205753386 0.160635584376304 
0.840685843073954 0.283148132770815 
0.382199532797243 0.640287685302960 
0.180295587212459 0.846680215980528 
0.799989930373045 0.450070109060581 
0.551113435360831 0.964133038097647 
0.713902672842950 0.893990644844816 
0.283753341577968 0.048831406239953 
0.322511009906636 0.495814299743912 
0.297364381316522 0.192556670374414 
0.315310114265778 0.537492001874240 
0.449600254447865 0.771860308823328 
0.136003870775616 0.655821593300718 
0.075688182508757 0.004043575753656 
0.105743570860970 0.211116790883834 
0.928663576373574 0.610426442661250 
0.472389134939862 0.505917474625868 
0.479907996487861 0.686911985943994 
0.902058836413101 0.702282676536301 
0.942446876275150 0.730485110666601 
0.535678375221856 0.462965377552720 
0.439035386151400 0.525167250270110 
0.495936320285655 0.924775660737493 
0.452879779890101 0.252081800898798 
0.648997234362965 0.601697510246506 
0.070912697974433 0.755667449421527 
0.500519788304271 0.210831055859029 
0.557860970498813 0.371709607020330 
0.336972480107605 0.215991229748146 
0.483914627431336 0.102742896830812 
0.110934346650334 0.091800618869101 
0.969626161126816 0.212510735098908 
0.113013961388808 0.925372473237421 
0.608740071724469 0.503550149562329 
0.173215142340539 0.993187713430894 
0.282971648463484 0.640603703975643 
0.991022821844169 0.377527593396890 
0.392325686584644 0.887442450718981 
0.206178138384044 0.519831104154623 
0.990365403566570 0.535817105086900 
0.991057345517601 0.847604680762375 
0.935912060994150 0.122637292303307 
0.270763669783042 0.257019033995756 
0.450976540560179 0.255111432102688 
0.158487470600916 0.285085757694329 
0.409294172466436 0.493462819374691 
0.831384741965405 0.263314822284780 
0.270654321183435 0.276970196446526 
0.866169413125896 0.609010874701827 
0.823287014381475 0.321463891098926 
0.003810755463487 0.680874971279422 
0.799888363411909 0.265041414376557 
0.419171399207956 0.302335635314536 
0.992437976054530 0.593649348168532 
0.834118208645799 0.139041264593811 
0.706780817128285 0.039310897759683 
0.231582104214258 0.606203321795423 
0.270016889389079 0.711161667268513 
0.503239546603388 0.876988165770485 
0.832062271921872 0.193088575779515 
0.094932760204480 0.864912589096029 
0.887315285538719 0.721650186987521 
0.601641417424982 0.761206367050375 
0.783182078037075 0.344088944433800 
0.307764269246774 0.822362487942933 
0.979285857385190 0.648629212508964 
0.868663466709845 0.623604280894392 
0.974504853000987 0.257887161634756 
0.685870708640214 0.920755553489212 
0.628553678707923 0.781102220734932 
0.041049177421552 0.596008361564670 
0.070644071017064 0.332031638898809 
0.722750185666652 0.902340638463162 
0.509830064093546 0.036733421023431 
0.705199744370587 0.366843550130179 
0.039964157477762 0.179094952912983 
0.419794509859680 0.264976428413758 
0.966760598109005 0.761848019851646 
0.297682438274940 0.535775154887872 
0.275282291156896 0.296943607589456 
0.555749035294372 0.372297012511301 
0.603238582865184 0.581542168914251 
0.648524500840643 0.492093572322763 
0.488801090565440 0.064508715764709 
0.414973567190815 0.269260767877697 
0.721214918404624 0.163184220640977 
0.711823988558523 0.492622646508058 
0.338303632900688 0.551337974692566 
0.244035886500767 0.503863908553090 
0.187035821502416 0.006588188686051 
0.378208822725963 0.864933466949509 
0.991641855412632 0.879210982135834 
0.956169092244260 0.505799591994828 
0.558339821996955 0.624140940516186 
0.513675113212643 0.511644440028002 
0.086549660957595 0.124098632284281 
0.853123786274265 0.322844329096266 
0.553544898347260 0.724164205914247 
0.619336259348222 0.141589113669590 
0.792811978728658 0.996747990103135 
0.383946784523971 0.765752553368474 
0.195957139379470 0.260792697557263 
0.756613768791068 0.903632836266150 
0.933821094482341 0.790173971935738 
0.210217073940999 0.262440700391586 
0.214532531526704 0.463649509442310 
0.632401454218171 0.348919751827607 
0.374551300085396 0.332338940391869 
0.097270810921796 0.972242301379378 
0.533322506016266 0.210600350089249 
0.988733807134331 0.897331011223223 
0.132983452372652 0.932301608400603 
0.400946072999977 0.961014838466763 
0.931635031572874 0.356867411215395 
0.691490141585531 0.233935828152783 
0.922010275072943 0.558116382810971 
0.169379077645438 0.487880171037617 
0.206942177664558 0.883784480965172 
0.162665567844897 0.311216386365026 
0.078854060849271 0.734764534968702 
0.129382885401840 0.704379303054352 
0.422565538979131 0.980474333357819 
0.050740232393963 0.882847995796167 
0.089027644463144 0.900398142387783 
0.076939727524575 0.316823025035171 
0.072170826137481 0.421729846574010 
0.283677712904304 0.744815526497595 
0.161870266856348 0.209178524221265 
0.441338593744991 0.012619759433970 
0.243102618450818 0.855379874293884 
0.899084354719532 0.109647599981978 
0.564689238412981 0.018990062495985 
0.042488840343398 0.701361360757858 
0.110590829597288 0.862421240750950 
0.296060236377037 0.789549797824871 
0.672538894535134 0.552310647527877 
0.310941551014155 0.871448892081246 
0.344859949080319 0.903198233891647 
0.803273468713091 0.114217987171423 
0.940668042367716 0.468520391991196 
0.490149477760604 0.613038779114198 
0.263172468783058 0.512910497918468 
0.707788775861018 0.759112881424268 
0.256666967122689 0.335929218758974 
0.590497093137473 0.108091356033422 
0.808837430821416 0.359730945475567 
0.139181787014555 0.909977613765033 
0.379345561916665 0.241805242659514 
0.114631916354633 0.638302524608537 
0.689215781681559 0.028814791920433 
0.453470173530637 0.439378957497790 
0.421373612319242 0.028684752431920 
0.823628294382542 0.411700011840785 
0.254753416690280 0.645480743344698 
0.011393008089657 0.021053903811672 
0.582714419546397 0.895245243638882 
0.063515091145917 0.758685446835737 
0.951073353934955 0.700846148592819 
0.495569338926401 0.357842536424787 
0.591883352289875 0.350022524886561 
0.421698190274474 0.498303436653328 
0.426158256957626 0.693196677555104 
0.161067706027002 0.948988682738645 
0.562062160939603 0.756253608880113 
0.732809450761793 0.525519063022467 
0.624654484569604 0.448372328533258 
0.663917227226670 0.072589392723943 
0.219100577134837 0.956126000882755 
0.703513058254056 0.920284733794400 
0.451329028672159 0.232450647329884 
0.362092033257590 0.908974702815184 
0.708436367677194 0.712715282371442 
0.675800814462163 0.129178041990048 
0.835710540781436 0.020008729892111 
0.233500134167171 0.980798728584383 
0.437965134773291 0.957891729116916 
0.298307121154458 0.020391499260303 
0.279945651680977 0.531244973117171 
0.805507669141602 0.335623476416134 
0.663890964584909 0.084477496402744 
0.125175685511312 0.862855729559252 
0.221901777449390 0.901241840176296 
0.740530374663510 0.146776634021105 
0.776589417220080 0.770935535294220 
0.412008353121511 0.530277086706873 
0.795548040969659 0.094651327671079 
0.972222947367221 0.658264409635274 
0.493513863285470 0.076871467197919 
0.628427834631364 0.480871110277822 
0.820645002978725 0.429083618667685 
0.536797950255899 0.649520851105341 
0.416176548374751 0.797629751986146 
0.456785618945575 0.313573103867812 
0.103774794510927 0.820480959100380 
0.494005318623662 0.845774975477934 
0.658235725889449 0.316265324773005 
0.296545848063582 0.951506899996917 
0.382742903587487 0.613757412953088 
0.582303674762702 0.949816581499507 
0.501719814883876 0.441171924857612 
0.543877035046266 0.753493237262333 
0.496382768421368 0.111986064323871 
0.502755036789735 0.220942425821828 
0.288420154298640 0.967648433482213 
0.165982273536857 0.104378955560976 
0.611794377835620 0.167414895475770 
0.976173512273612 0.776863791782165 
0.003483377329549 0.951684570580610 
0.339699634066444 0.284968204026421 
0.591048291934870 0.447592394888812 
0.968060120791968 0.044356587660666 
0.258234880438860 0.934246812679224 
0.173903805349834 0.672336919654646 
0.829386186870526 0.239884444791600 
0.725854030624927 0.034435636583395 
0.629264269194671 0.604346366413948 
0.785240161712104 0.571311987329925 
0.146949314387599 0.907663326120455 
0.523032435670131 0.367833885191598 
0.560804516215707 0.639169858659443 
0.246722799139340 0.227896048652677 
0.566065883136172 0.361450636253689 
0.254589305633051 0.226568170893910 
0.287435601648607 0.709554451074143 
0.178727281509648 0.825419422434689 
0.056128983403426 0.158294845710255 
0.278425257928585 0.657372669702853 
0.484144289498573 0.889088360432620 
0.001910004576376 0.514200379934999 
0.578095905787037 0.092665058192372 
0.147178955711251 0.902781239789232 
0.600770981603822 0.955118067865447 
0.121584822402089 0.775494902425733 
0.010640438212973 0.392142109943292 
0.125031870688056 0.685639864712178 
0.087875146112539 0.319943667764808 
0.563088568143758 0.670517186512913 
0.789989058873725 0.881188312029490 
0.634017373924891 0.622830731833415 
0.971050299505661 0.580483334002186 
0.827666538570779 0.775312404781158 
0.345472765952189 0.726277023672513 
0.024365464309306 0.193988710289219 
0.480720120980570 0.924688287161141 
0.988409268742505 0.852262487998385 
0.662825081727619 0.625663382591497 
0.313414403354318 0.940991994996670 
0.694446611183815 0.882989486300688 
0.295771867392572 0.559006727022065 
0.557258351908491 0.557077253821734 
0.787620454247414 0.824007822628691 
0.398781866657343 0.163057451304013 
0.812207023379856 0.745557997896069 
0.488348631919528 0.446620058246415 
0.612197060884607 0.909874571549051 
0.627694434140433 0.556156089150749 
0.845443110215547 0.140396073003513 
0.998761362944115 0.372146207030808 
0.842914731848935 0.818601621028407 
0.584601600024987 0.153372235641369 
0.199938580982556 0.476319276250054 
0.108848330615038 0.164410840448900 
0.484592644698312 0.603768080566883 
0.905039108097571 0.360001733757841 
0.516043790084107 0.356835684372733 
0.249147535460052 0.519264709050464 
0.490813526094750 0.992601786996020 
0.466999042467681 0.446373693133879 
0.216401635303390 0.413875095095913 
0.562817250306193 0.984177918010330 
0.849392979602050 0.161519523723378 
0.205967629585950 0.623393833775319 
0.829118238567532 0.557603016383468 
0.660035215746496 0.432373424761891 
0.148134213186964 0.472910180167598 
0.641693882516294 0.881088402041774 
0.707234902435556 0.369118039069800 
0.156394584149164 0.887851511567702 
0.265400016253759 0.848941589680380 
0.073720520990726 0.078429778096919 
0.414032508549528 0.936813780063628 
0.577327585664583 0.814586935242507 
0.080032513564080 0.708172786354912 
0.652708306477685 0.022725136178695 
0.293699781333072 0.687186467834464 
0.460588400050375 0.233179327481036 
0.345152642729603 0.640752456270113 
0.784585069330430 0.526849284347373 
0.996896486318905 0.010869707553020 
0.738826230121608 0.278238793875058 
0.120369979486919 0.247985211811520 
0.574550813115476 0.682602918402878 
0.980742964037849 0.734677564650694 
0.734279993591139 0.059787411731917 
0.406934730782262 0.822046725388497 
0.267969808109196 0.838477886015910 
0.252767210411961 0.740437094387417 
0.347625919679854 0.941958090491283 
0.880362631634246 0.791629090418279 
0.895181394338692 0.020110122069545 
0.878340554406999 0.281391776568010 
0.273009131985647 0.602272202657507 
0.865064439142342 0.109297557655244 
0.577260234791690 0.781702007718055 
0.021133568569928 0.796956930842248 
0.321290600848456 0.484776920053104 
0.945510901170295 0.006339992384165 
0.199757761523312 0.726695104732252 
0.536123166349136 0.276608445068910 
0.183540732964702 0.510323789970598 
0.858464751511180 0.790890208006434 
0.411455696845525 0.185974816472451 
0.384682112041159 0.473686123147021 
0.216810705816994 0.157269478577681 
0.560810780426651 0.615106499186267 
0.155163027248646 0.791887815299627 
0.391282530560896 0.519892664419587 
0.084212881727634 0.275880447120940 
0.617515331201412 0.387186656745738 
0.187587736923808 0.936353795216432 
0.111344203294894 0.741269975933816 
0.331341640069808 0.249722108303464 
0.304246353561837 0.254000511804183 
