0.345698481250703 0.433909140670870
0.196502416647620 0.569790180484031
0.119739528887661 0.706164950956975
0.761648177634749 0.887104450268665
0.186800185611341 0.019949880076834
0.460937574233319 0.109180593658372
0.243087644382167 0.312005243674308
0.113538959605252 0.656204575049860
0.146734150368234 0.555345058339128
0.320476267216283 0.693222449332998
0.267277570664891 0.812076169419049
0.418056662928676 0.702149203428900
0.076185661269282 0.668597193647724
0.470208944608043 0.751234524821577
0.461121291478004 0.439436788304322
0.685261521091099 0.895610510641996
0.372621066016852 0.253531667533110
0.534289689608670 0.260708923809170
0.319087351866524 0.895533390114725
0.021014481813528 0.009751129810382
0.914469944626856 0.064771850721300
0.007335718926085 0.577176497459073
0.152739988480827 0.535793154946570
0.233934546728645 0.261790198723420
0.334235562598967 0.556927688488137
0.691981692205414 0.516574839047300
0.601184864810532 0.707134204545013
0.299839156209207 0.046524619377303
0.853189607594570 0.346403940390250
0.417745254154117 0.131524716382532
0.408177182941004 0.741298546551884
0.593823693619146 0.428212521427509
0.150307914398885 0.924734243172974
0.076359594923965 0.872921793471292
0.063548766712869 0.357913851359158
0.050136410501164 0.207224464124640
0.988102932994710 0.502347333293605
0.258729697204733 0.078249155508887
0.156610118843767 0.481190630837110
0.660004958730598 0.627869196528447
0.568009532765514 0.111671605310893
0.028668361064483 0.978017615315760
0.539184024541003 0.724160840588474
0.967570957809209 0.043799845845794
0.837980262733767 0.348484394733200
0.618568205604757 0.661739531366613
0.645926562603282 0.044364288733137
0.474088552360671 0.107406914103112
0.224946310674963 0.380412020015199
0.082165999235842 0.694842556738399
0.569591984781484 0.324888969732244
0.110543514661287 0.299604481990328
0.514800482178884 0.101487039350775
0.189555510189860 0.327929667522759
0.738897927893704 0.884671728607967
0.188848973927577 0.866415590304867
0.852558300937545 0.561668838908370
0.099605147120470 0.489791584555162
0.296646562647719 0.171965381518411
0.491774036621626 0.478763220184464
0.085353782299355 0.050233881496580
0.594936708066779 0.005577899753443
0.525758687558517 0.144878660791012
0.411761491254537 0.181873073525391
0.920925646092808 0.461941814262627
0.914621202156467 0.731533117775547
0.920876602882031 0.092895088022134
0.298791182323847 0.450694552423085
0.624250751727247 0.824883756960938
0.469748442305330 0.547703916838572
0.753191901234794 0.903277031587532
0.427444658269397 0.417745848459130
0.224980663135036 0.118918812932248
0.977026336035327 0.400023861760691
0.226154792131611 0.026261566261451
0.243328132568899 0.589789726936114
0.458337612472625 0.763605474507762
0.795566103281776 0.833181761309312
0.569721015154583 0.642953653681527
0.799009266000176 0.619746162753462
0.912126343839550 0.404533584999179
0.502010011413453 0.705679984873446
0.670792504500168 0.789823730743859
0.539624593124466 0.950247869133376
0.102517770656729 0.876963759957103
0.989157401850816 0.028489072104695
0.087508120387920 0.443715306621797
0.848313451195048 0.395245389980062
0.451260995018314 0.475679907506914
0.623245680462503 0.118704540762869
0.545041004958378 0.821269126501594
0.011634958874112 0.976067491607558
0.386979630109048 0.909961579081259
0.245042247290995 0.509612651093749
0.260558140536256 0.396670106225490
0.515124044523157 0.578343576773404
0.043209085760090 0.572582006425084
0.049903717412632 0.308570979820952
0.694999032964866 0.391623290461578
0.829142900086477 0.246194102622639
0.275830557069582 0.001738489137137
0.631958743758999 0.944110182099788
0.579329448065198 0.741464971535792
0.095184210510324 0.180095256092782
0.972558473018478 0.664821025876764
0.727570562736877 0.493663219198163
0.312926416120445 0.791315437612203
0.372782110034203 0.754824293067377
0.877137241865440 0.442925518223798
0.443235566023174 0.033328273790235
0.081750842221330 0.226179420301743
0.357187401561392 0.123891563860758
0.400903774579852 0.445018028916242
0.003074220537736 0.701071623177283
0.293964093835206 0.988900449615214
0.727963221413175 0.226865832487296
0.144372107384496 0.030656028572767
0.301070468607087 0.414776699772088
0.180644478751196 0.189875655727289
0.538657320595392 0.265998577021650
0.101496016071061 0.170173075371818
0.793215937772567 0.436545542106053
0.659260290238155 0.262436949795868
0.307707182134721 0.968554198878255
0.769266278436168 0.521233062960035
0.514715144409996 0.224658992355232
0.807555295314809 0.867804907236667
0.720734465988257 0.201251820865990
0.635298604160955 0.850660488512358
0.257408087669561 0.264601836193925
0.545503082198540 0.303521814688633
0.104384680708831 0.753225251668960
0.766068478699955 0.680452719754327
0.192566246539683 0.820559099410956
0.372986627119900 0.419269868793916
0.081868655326033 0.353907191490120
0.468449394987746 0.286880630912563
0.474218458499964 0.798789838658342
0.260859012281597 0.293980816664650
0.070361896889882 0.242244144749963
0.247210324648323 0.431583996185881
0.608162774523350 0.164284499206436
0.043041960622833 0.178143570052661
0.530417952651700 0.853647973015957
0.531129163285996 0.453567615822237
0.621820597529256 0.602112452746721
0.907318081914831 0.455215524300799
0.127552510529646 0.441090621110190
0.890377904685221 0.601004675152669
0.320089489620437 0.364865408136745
0.832473175473475 0.626044419565828
0.216153783138754 0.696748180538917
0.717836241245247 0.731753483030799
0.162350545423412 0.497603583799841
0.069445057709603 0.570206482842138
0.305876020791644 0.690600398508338
0.596989501939208 0.761493680247122
0.545786932932073 0.881710312322387
0.014134760613963 0.588167502011704
0.420672242642134 0.692392161748792
0.829067423957833 0.488388578456693
0.530169774845745 0.789061779696744
0.069536815266556 0.978172697109438
0.510622129857674 0.693362892048315
0.842079751283820 0.673179414715652
0.289267368304331 0.887917770918281
0.344844459016780 0.151772092183403
0.326711877797974 0.694150405069496
0.454405178708773 0.503618130011132
0.824034400299530 0.891940042428262
0.289186189851446 0.541887200784984
0.418721615809633 0.075275206603492
0.215589761198610 0.822144628243328
0.722737059807208 0.293744334672019
0.607650080291821 0.807325527302804
0.166377377878646 0.616611666076401
0.297010942040919 0.745715116593717
0.003170547457730 0.874392131174129
0.057251804950150 0.087649092056254
0.003923180596544 0.982252272429894
0.655063729462075 0.556687342177148
0.322124950844561 0.930228959710991
0.970502697229292 0.312303176888619
0.248269856405907 0.737171181223258
0.439524869673803 0.993669392967035
0.087256112947796 0.408474783188963
0.604234422595259 0.817911610934377
0.190876891484997 0.212093340035176
0.869751747202679 0.321238079057051
0.256517379816557 0.392973402468332
0.661335876101143 0.777644770948917
0.363523193530952 0.782975393561802
0.051371733802374 0.807433077960802
0.860308668722401 0.631506485796494
0.583059331176482 0.196566638226984
0.138123552891322 0.381504722544666
0.456118783857370 0.487933374102947
0.531499182511915 0.046079050233092
0.459551305799492 0.476867004541722
0.070746550940063 0.303022691265137
0.037473049732012 0.345822034642217
0.578479697280610 0.417582270500782
0.656265120912185 0.806885295790485
0.649990477982071 0.628278644003447
0.204760024400971 0.285845516503672
0.386401069471231 0.686239926554324
0.503910714053328 0.877832187735680
0.359873379660831 0.825420509132196
0.128365498905060 0.532073926740245
0.181754956573822 0.559244924095226
0.649598601112878 0.682114968436740
0.217393503580623 0.348628573594086
0.098722327878418 0.327868468353833
0.445453062254557 0.366991908751976
0.916833809953177 0.397173484863182
0.194916496085851 0.299798651512229
0.911725581263624 0.067062173321012
0.509561205564462 0.359312370900193
0.772016075303502 0.608732382415670
0.187545300533972 0.469680591284607
0.503232068010197 0.235260236910013
0.122844383494002 0.883118373601443
0.745102796676104 0.377376094865433
0.435629486984211 0.324878873902246
0.305300578905045 0.790166390310176
0.020279163777583 0.132861293184478
0.402090743236509 0.902353060848776
0.562569748571693 0.757121105281651
0.046829169606432 0.859841215878585
0.781689539961026 0.415211786904016
0.716972880716358 0.786514812313716
0.638074272137430 0.661200805173775
0.971245614963201 0.887798968684967
0.514662697394767 0.119367041924695
0.940826505467228 0.156296999651380
0.927022785439038 0.658000854233614
0.693907333339073 0.603848980022900
0.146900606099020 0.834391870242614
0.315689127798940 0.140647842446986
0.234095040666668 0.529003800647024
0.171867098288283 0.449587960699282
0.363164194637443 0.304999726143844
0.230877894820022 0.462810675702280
0.004319424830330 0.178695067523890
0.508660635136682 0.337449346825307
0.471965760175233 0.167179815931530
0.669409538816221 0.148866832972890
0.589698389687862 0.191265553026881
0.566772457067491 0.872216177284261
0.737166361407611 0.655076726698259
0.042176246503954 0.606945022182395
0.342066876067458 0.298019910314086
0.610436269233816 0.413903459334870
0.959634184810745 0.720528766227077
0.757534442645172 0.581003234390923
0.442339628041894 0.321896440471216
0.451425960220985 0.610916504074935
0.344120087008687 0.256671194928646
0.123962248438990 0.733090034184044
0.626304205107707 0.415505235688954
0.820493621139540 0.282391359587337
0.936506996612373 0.367010638755484
0.433442064284154 0.857990757869718
0.217115461166606 0.659090498410568
0.937110872442242 0.778623607426300
0.166588640716785 0.871377065166456
0.323224611022418 0.984165401093854
0.124647992988550 0.334823517243162
0.500169499161695 0.198491791827054
0.281534718996565 0.490159156597029
0.763630394969158 0.864884236152277
0.721862841043848 0.443832426523363
0.572297935432240 0.092781739846171
0.705198117246063 0.398230081906677
0.269545117105806 0.613467366914966
0.758344386590168 0.282375029165146
0.080449680949130 0.532318049266314
0.608420754312891 0.089969015971176
0.183265207807286 0.486534641619981
0.721164152584896 0.143560951241618
0.905419959260635 0.669808846010492
0.225494153459851 0.746785340835967
0.126349687104046 0.069171974990722
0.303227310747709 0.461029340873249
0.782946737798983 0.174310303966371
0.701931160740956 0.548551496996526
0.968134509500136 0.365920417977578
0.889258490585092 0.960988417127262
0.489052754821926 0.167216932108205
0.508704804568881 0.620350755120227
0.908566003128872 0.551494406557206
0.219582953471982 0.639023014445452
0.032284039871472 0.538684069662866
0.708110815917095 0.555946212051774
0.523009107782097 0.385134983998111
0.641859362523821 0.628076569866176
0.825502280726741 0.773388691065089
0.606409825685754 0.709377124954488
0.866687192957947 0.542504793104235
0.610920591333818 0.274013527194430
0.059886009367416 0.664534924195504
0.578405691619389 0.696089118397541
0.986409376529968 0.369030580691138
0.346878556439520 0.985168687342141
0.753798086584624 0.545010331492507
0.099116038360691 0.795004132372242
0.437241715400557 0.808599988454751
0.811649538945267 0.672289516245490
0.199174718526035 0.914599484091420
0.267691381072029 0.192936757806185
0.651778449511890 0.511518290530898
0.414056211132602 0.845277872526178
0.778092955820789 0.592160737020940
0.358739013066568 0.262762835008950
0.259669678027904 0.375631859356146
0.103662408802131 0.683137203556346
0.372172586573876 0.771672743060937
0.186207945924235 0.316746834958289
0.705061537301774 0.024524310700809
0.763497289861991 0.643531649742317
0.837468755477401 0.611056799556096
0.314991075083802 0.526434219235453
0.759605296695356 0.976691640098116
0.061824629333782 0.428363128038619
0.267511510900976 0.232681379524946
0.405401000947380 0.950514903637833
0.778691508920276 0.509602577211830
0.173114092456802 0.371772797254559
0.017148664362759 0.264455008414008
0.225675477322917 0.862064207542069
0.798565549010725 0.472550611927358
0.028370169006197 0.566973087923498
0.709848067385829 0.300413696275574
0.117668999197376 0.816567466199866
0.821980700949407 0.552203508926719
0.004975290130921 0.298316438526789
0.701115593283852 0.909709377291478
0.950886717733024 0.152134695490275
0.890045208013075 0.744757099808528
0.216203548434589 0.595007315723309
0.720685115145276 0.072905395058031
0.850016769796414 0.863311210639166
0.787919155286450 0.038599072655825
0.810560849701117 0.972863340001557
0.666136760109390 0.174485433400411
0.231117440880491 0.039890968409272
0.482018054896397 0.561389495958822
0.941108103252748 0.680532027350036
0.770599515136678 0.930481998186905
0.931615405191597 0.312138467216313
0.636378771447130 0.695464027763420
0.314923555013855 0.016569482452966
0.617194680433629 0.880130753053754
0.469271200991475 0.993825430782191
0.805844352734531 0.915465898752043
0.482860505189651 0.533786995213477
0.722876193580364 0.320457224292918
0.715268281823621 0.864489056004495
0.153724036519706 0.352113566351380
0.279756641293073 0.197271972968888
0.664324298169512 0.812701455107199
0.516581764461146 0.782317357749315
0.791584514152110 0.336009554878875
0.075251444495814 0.812489584883323
0.968548453344814 0.639487772685561
0.052783340865392 0.569068339092550
0.088828833581089 0.425397103151072
0.745367549859483 0.289871051693351
0.240856323126347 0.841645032236233
0.962438422838394 0.858429138114881
0.549719134304875 0.671770931777795
0.525012689786206 0.562295009445981
0.252844436437029 0.713584300264764
0.524251755690427 0.849221335883215
0.105499514839492 0.127248222574017
0.151558198102204 0.221868394494761
0.963067081045829 0.886139587103782
0.428117860178388 0.154858658680179
0.919275188003703 0.847605906246587
0.959650368837546 0.192412615291624
0.693039953664913 0.375778613333351
0.921232620992612 0.190463400675466
0.051304306558854 0.894891073493981
0.837411235711463 0.004061778615207
0.931234153390085 0.229089078537666
0.364421926562490 0.789047852254698
0.582358517642192 0.093510046882691
0.204184388383588 0.486378802828512
0.487717510108335 0.641447260574781
0.483844073339230 0.988166873935098
0.042808814797018 0.543702921187848
0.419982771460136 0.946395895233987
0.972098782907802 0.678774957697481
0.853221891480213 0.178447774423747
0.245092485267951 0.146309444837817
0.286794208975234 0.147985755110120
0.817431653058718 0.981291117414267
0.391760701596242 0.055404176640115
0.867217937431483 0.642732848984685
0.551901175653340 0.658969346198275
0.322734158359356 0.078164142076834
0.912908916302917 0.065939545970900
0.384963079370238 0.924007534093278
0.573370892949087 0.382366875895341
0.436780351854530 0.191971535457947
0.009116897048527 0.290947057128285
0.200423996208215 0.612876959800309
0.557872233917567 0.338198070790087
0.255820017985172 0.661872917559018
0.807750693695173 0.955411868760412
0.064569962293874 0.172788281235650
0.030975328646905 0.012238050522662
0.457882923702727 0.364402468414266
0.383316865921398 0.007422087304418
0.141460962153636 0.047709488961459
0.450090570372958 0.838134897055726
0.146323713278381 0.760787491232419
0.861154425327145 0.457494630791865
0.311784091578792 0.586675677677534
0.120202727743481 0.629295467205792
0.825263991396091 0.449698984279494
0.497750581597080 0.419622415657931
0.563365154329410 0.756970551025922
0.822557139023066 0.026945329456440
0.479587278576326 0.354340531864007
0.272835996326963 0.045448801592723
0.566311386233996 0.899849348058905
0.816453373331244 0.280769484660692
0.982143793301430 0.922782007325177
0.778416190616204 0.792975859047102
0.780442031950415 0.032709753188788
0.124303312353308 0.928539699500140
0.300820797043580 0.970443973702371
0.439895353923669 0.721212580695898
0.692662639111610 0.451616475994728
0.260109626212118 0.191134985648249
0.228134763662248 0.043639312239276
0.354448462682397 0.752169146985492
0.031939355537379 0.638086397981159
0.811520799728312 0.149361433485035
0.606002115200532 0.433078210270186
0.281798321248735 0.091603776850573
0.059529802040881 0.724039995014769
0.535619181946097 0.018977598034413
0.268344152247897 0.216242748069253
0.572553664649564 0.249928296078789
0.282126411630383 0.018825686665454
0.878598133195647 0.090331683224329
0.174182809139998 0.957537432276941
0.069264451415369 0.354678470120359
0.185568502161105 0.352223022343866
0.079484571205932 0.149016669986884
0.453883301747382 0.945121759022314
0.265350687128514 0.695955658504466
0.836779740647474 0.237331288405747
0.268063281111661 0.443950088784000
0.341200201266174 0.093331236311804
0.257061197547111 0.696245889813553
0.451586647892453 0.107249513170916
0.217158940690841 0.519284008381130
0.213782711189917 0.889593045660633
0.273618222547263 0.746022653607028
0.276074913402983 0.129454178355592
0.659432516249320 0.476551978707445
0.214795882041353 0.014742452162558
0.820704436008606 0.596539530597240
0.379139444919654 0.351781157758319
0.328847973038208 0.483459132924378
0.178313667703163 0.515646597459548
0.722448464051573 0.251219203338389
0.203884602154707 0.183917618003472
0.136965545838613 0.595721523439265
0.831140297156150 0.659041330321635
0.597065096969402 0.547044663257434
0.975530695528666 0.468310648051753
0.144218191602437 0.208360889535387
0.493716051728398 0.845487970068860
0.551306796254519 0.867359238244035
0.313483057938655 0.644398523645029
0.236326896088943 0.702861490148703
0.752763750300523 0.212355814007774
0.128882118367609 0.677481740916355
0.645220120526018 0.760071023217625
0.666011553243401 0.106594893988773
0.828332323143202 0.804736725320844
0.797997991925145 0.824542415555995
0.269656480101301 0.334264962211744
0.870153513940610 0.830918995455699
0.607893456457137 0.443198230979426
0.513181596613547 0.792946617128258
0.167637232732043 0.324601310175056
0.222565978947216 0.804357722245309
0.570147814951500 0.667281130842532
0.136538400526138 0.356872116447851
0.907220105043801 0.703969975621761
0.632528638199446 0.567267516829883
0.071196980993205 0.383648054962618
0.753602320297900 0.321206361409176
0.241401203254458 0.399968600683409
0.149242589689122 0.144396916145617
0.715737282386937 0.097789201228640
0.168934612888267 0.292329804408179
0.245941112657902 0.601101651696456
0.982362022010982 0.761745378729354
0.785931937890926 0.858191206079848
0.116627351628246 0.670151886645211
0.094947100521898 0.683646021092992
0.598758790721712 0.724127676185192
0.950617640374326 0.291875954115278
0.970868192239652 0.302805469060920
0.821868102962198 0.263089329884041
0.805676156496871 0.019850214290336
0.727501850258988 0.360215137771383
0.991722065375905 0.495406471957964
0.663558420121025 0.124047302564085
0.980427882291351 0.468905310048168
0.421007075613704 0.713926829000376
0.391286806865990 0.314284416203028
0.835066613947508 0.032566306868659
0.856799024544777 0.481089812349638
0.508418359389625 0.776160686235009
0.755378250452315 0.378090695117164
0.832805704271525 0.684717437664235
0.528304712495027 0.740454323518938
0.696990257615510 0.932577484877663
0.605901533433738 0.577190307201826
0.613760986105179 0.295388453469104
0.578462915365161 0.382489208238908
0.124669566294426 0.457329825567465
0.139064609391087 0.412743603137146
0.248391616017453 0.581179520201361
0.498237796960745 0.480453669483863
0.427089924358359 0.053849730815043
0.424590338426834 0.896884350894531
0.894882461879597 0.141309420829992
0.800809590387611 0.907254070504716
0.643494751588020 0.139349797994141
0.601083394965396 0.205400009298450
0.192402103056475 0.490438058865314
0.493827450866043 0.889278073066714
0.184244596700262 0.251943820445357
0.852708043170766 0.524320923661427
0.421023572198990 0.247311847309519
0.819301569528695 0.818590197289980
0.332565242751664 0.209293447823690
0.202333429809882 0.781824251870706
0.025963867273831 0.233138205884356
0.421290387780040 0.139895842679747
0.003192712115933 0.897686879401547
0.406302243452754 0.206859267495409
0.353798623819986 0.483594960944584
0.351539888008661 0.378679368245876
0.730571600140073 0.820455900688573
0.485979203573250 0.905899989853664
0.698308087826977 0.428381638304019
0.573230420250574 0.626922801911996
0.109262797780567 0.784637681763044
0.681235682926963 0.899231556640520
0.003610682366713 0.742218286920623
0.872987913935014 0.052811440215521
0.159217009972796 0.354787342202390
0.861026397778859 0.308176445518342
0.822240449934950 0.621198384083205
0.341315448400943 0.250832424211134
0.338570107683191 0.952847633952360
0.676214849336726 0.634667086930344
0.375824566776697 0.488401854926939
0.831601442719838 0.498672679238870
0.176616936464185 0.732982186606639
0.989803488216015 0.324570698867498
0.816017248404473 0.382674913382485
0.057860773789151 0.237322401326939
0.749619313987649 0.610278018235943
0.369724771202060 0.056172893300041
0.033346220232003 0.534482287999322
0.241365090682581 0.340790336329383
0.472105040542558 0.072224419340051
0.679349760138082 0.445226354390396
0.611627975674717 0.882738726012594
0.466318522462824 0.991837250635556
0.926313587917351 0.651873428774070
0.050870022423034 0.107970430393587
0.775608316014597 0.536525584963256
0.154734995288903 0.230133474473055
0.702445327905630 0.191589195486911
0.776709475497114 0.273528483254324
0.429483984598809 0.435598965656544
0.320673482683594 0.489247326423036
0.472369898800432 0.276291556681973
0.904122121063519 0.387088651542345
0.633962135538824 0.713595709858625
0.513987546354089 0.688870069201549
0.769450593467464 0.465100761159572
0.568132259270204 0.395274729174147
0.119513456930053 0.517843232228719
0.613745036945995 0.698684048863615
0.197140523824738 0.200289182541164
0.347973031742664 0.655113210443471
0.683475576999972 0.289679770656863
0.881474662301099 0.240280241178403
0.039007050438206 0.522446481748330
0.182179876240931 0.658002704619770
0.568662640260001 0.759190957449384
0.934395419258864 0.543531238934034
0.492840790854386 0.970764339108053
0.627495017503276 0.010092105913146
0.171137615013894 0.158269288081670
0.548785097383189 0.323826000777914
0.001505181289527 0.297347208006664
0.496739122564404 0.360473640108610
0.674803331056593 0.405902620928307
0.453644305139822 0.896572939243512
0.403183195868923 0.874454919891356
0.160806699596045 0.218597255624540
0.460468741861098 0.269597710995468
0.524812055542587 0.495376960764325
0.873677056474922 0.923583987422411
0.049941018380427 0.852312249330167
0.387046506944843 0.756845574167283
0.039689399046727 0.110297385503238
0.883417649155928 0.945293308915170
0.139445347531389 0.707942706635702
0.292538023634676 0.240534275209159
0.902727073652314 0.412592456655561
0.641839532309005 0.978680845203403
0.454986234419554 0.043802877157925
0.312462488209681 0.072215943490347
0.001833607841937 0.582357106283643
0.751777947114604 0.569417411647365
0.882645466454114 0.718558760001026
0.863385988981077 0.687133959846018
0.105860181591752 0.105459828902361
0.046544080514430 0.575243850944403
0.818876789854946 0.325841982702646
0.389206935616931 0.454916708759214
0.963318211693548 0.856185396928620
0.832334700638361 0.187837856125254
0.445523629686845 0.116522598062173
0.217854088041245 0.779843906338162
0.512486272100696 0.031989082949644
0.008632631038260 0.799956612536362
0.665054058652924 0.400046637032091
0.126053481764589 0.204592218644275
0.363062322986222 0.756769160176095
0.789254191085162 0.596761580345408
0.981169474485833 0.366244959933044
0.459820296908989 0.521365875372528
0.959517672961353 0.419063651508614
0.996699733611580 0.000231757733752
0.859942808750736 0.519019504943745
0.908332347763849 0.144318866779668
0.086308745000337 0.061577673900708
0.152463787134987 0.345571425937992
0.356643077075979 0.163313230257227
0.278840860156025 0.247175047260130
0.625103107772770 0.388447519809950
0.835960911392496 0.418518872766551
0.043401832855093 0.636769990415582
0.870275384834159 0.419951951154154
0.724175865280990 0.206647919277951
0.034723423345514 0.732462222413362
0.522878520700551 0.227490635764138
0.293198536502145 0.848695158278040
0.790132739843896 0.367948527573534
0.458527452561657 0.674268592523069
0.063080433253979 0.969291553185445
0.833767294943135 0.272128903002326
0.962115993478802 0.527825999983176
0.040103401176337 0.897732996902477
0.138493679037352 0.755871855097650
0.709356818639262 0.219129682411438
0.978649619580258 0.287737959453460
0.095087200286071 0.593552954062330
0.912681542952718 0.465295487031697
0.813503052843080 0.280928669129309
0.597279838188712 0.537164838690011
0.863868385821857 0.514735436050997
0.947506282036547 0.036194691739919
0.797820581694789 0.421949483178833
0.977167289495065 0.061826356903065
0.407991706129647 0.886342020906592
0.674130790230279 0.687100660566225
0.588551641262815 0.583187419032302
0.684787189841980 0.734478158318730
0.083767770216184 0.578478696924604
0.410956241828423 0.720308130405380
0.685402929366310 0.082036525758504
0.232893613899991 0.854695633416399
0.065749769262209 0.171436725959930
0.963652035607060 0.601679749531038
0.840326047100757 0.562470494862578
0.312904055520581 0.454050621374745
0.642732070933944 0.791890321056404
0.092434231250486 0.257796665146198
0.963898260079320 0.499483999593481
0.130860945034327 0.633087411189722
0.258926951685055 0.849058000108125
0.381748941639888 0.781861625322320
0.356959451564018 0.511700477568072
0.507125791208542 0.246504388147508
0.522975884978196 0.049733437900909
0.297516492642168 0.989760683102341
0.615161694729044 0.986052560902388
0.649962573478447 0.502947497246663
0.657451553760786 0.321092134345778
0.467093044930815 0.517689966797161
0.804087740913401 0.768441734295007
0.763166641262179 0.295821728691399
0.111506789057280 0.520180369453319
0.467105809851905 0.402753388184011
0.752594530730217 0.924282926064167
0.897895157377785 0.331526893907795
0.309326744573622 0.058992382881237
0.654317846061966 0.337938162418206
0.562038166450931 0.822841007464298
0.708855528637037 0.371524053667030
0.757040635836010 0.824042300757968
0.824679023436210 0.042873690991729
0.679036251366047 0.049264629612169
0.025007868084795 0.154638695404127
0.980749018483533 0.019336829571084
0.735719297436059 0.441780495285629
0.129424384717926 0.898224410601195
0.394938043717457 0.816007043668013
0.018323195007138 0.811655217471615
0.777440411047892 0.590015504558327
0.761062501840487 0.453061118200954
0.017057261291680 0.869071533736174
0.437632791609693 0.907042465530104
0.326862472955745 0.540619454594238
0.593147632034441 0.504350525444338
0.714784624298203 0.067032137803503
0.103857803906984 0.437422237141459
0.571381566312786 0.592273334154141
0.619689426914601 0.811790964478971
0.866868804976465 0.710159149095528
0.168541369211240 0.786235619477784
0.836094516399340 0.610069449187207
0.664804204743454 0.463319861104576
0.453005142784982 0.215374299580141
0.003039467259465 0.232012043625210
0.700247455820021 0.360503959989724
0.137484392478753 0.335365551044400
0.624904460665377 0.014506122101811
0.049024023195030 0.538778524754487
0.437963846141173 0.052096662436099
0.783499178104545 0.908140578415973
0.462969639843530 0.097625844016542
0.808695160179370 0.872213625818919
0.568408810688011 0.523044518289893
0.782082725982170 0.939882755097591
0.828736563880712 0.767870103131158
0.447359500125344 0.670452164568352
0.550545564062523 0.767315204909377
0.785066371287671 0.753950293214503
0.473235301354825 0.424156765574606
0.731030267379671 0.348447238736168
0.907640517430064 0.740586705067613
0.746110825897185 0.142677028670857
0.811427981422415 0.438200024646153
0.271705624459433 0.964795432725800
0.316673135708337 0.637439512675349
0.637694640423411 0.141894368326366
0.022879715929311 0.442231112422216
0.302981493858965 0.229931743400807
0.447806656320099 0.081207363368053
0.403515498657098 0.180025717973430
0.388818418823539 0.593830751012648
0.458655168372232 0.484600453383480
0.589076393843821 0.917892983788947
0.743960179334717 0.355660269582819
0.025740375727255 0.634279757204616
0.276975792583669 0.527507960474803
0.341451345342867 0.555555148509005
0.582299634826396 0.847511614401018
0.425717123848715 0.806833860329642
0.403198114830142 0.421064171580339
0.919425664245206 0.040572890215261
0.309265461249529 0.710668276434183
0.463560502541596 0.951329243949515
0.713095718946864 0.654118447403123
0.842296186940821 0.312193681099595
0.153663948831827 0.563041699957027
0.781001695463004 0.341524744536760
0.830089963736569 0.290596326308539
0.051282214890379 0.326771453431111
0.276684009380957 0.915918390700815
0.708040878768340 0.081587165591317
0.758650906530013 0.982943572415783
0.737643833269862 0.993100718450710
0.437555147332789 0.152522243547678
0.131623273942604 0.128125945842920
0.606626446227680 0.979283426143612
0.416955006197633 0.110253344474977
0.328211763784839 0.408493480713965
0.971798301662690 0.254183423913976
0.619155910036695 0.503193639517903
0.034687737019216 0.749323739257918
0.924620205856060 0.858190121491115
0.175517866258268 0.521586736926786
0.996824416150376 0.135009196820420
0.138263526245693 0.770489228465676
0.452424440997650 0.160718757704054
0.388229938174574 0.078068064816462
0.220714169529200 0.073557399743903
0.400728274059942 0.416791546676102
0.814567059168682 0.069600324987625
0.713424007897084 0.345558952359582
0.857009015580028 0.407231150577638
0.031207076053482 0.176045703767086
0.578541355841331 0.459977457776507
0.220284154058304 0.916065249316598
0.063808371639470 0.773306851818281
0.857294992052912 0.352282582689807
0.870931370112872 0.277269706705025
0.109606604660454 0.721529033997365
0.272807062223910 0.034413433732960
0.114540154742321 0.038131464435541
0.776895325415429 0.161182647518754
0.698137452177896 0.294083323040349
0.768496917181741 0.851058160859617
0.228175260687754 0.429548888346278
0.092249637673267 0.748977197447211
0.631487125801597 0.183106402101456
0.137546740666727 0.279116049346560
0.122254145746249 0.674299633795853
0.525808871343397 0.911905563020332
0.985777780778379 0.845481408879665
0.811016711233720 0.771188881392339
0.841349018078938 0.695596790185367
0.699638577221296 0.428719904310007
0.168179872831117 0.575468010626019
0.172063485699510 0.210740045190885
0.519965296619887 0.682306440509307
0.544876787328260 0.850159923512545
0.776494055260903 0.290592023629975
0.951792268235722 0.857911536820290
0.984829829385860 0.187123709369287
0.940780705881442 0.558325813030633
0.827934748673716 0.239959243134961
0.885912139688281 0.335929285424975
0.525208910487445 0.024126155177240
0.694654751642697 0.274842644310774
0.017271796604097 0.951400098586951
0.854850871337442 0.037003234987145
0.616412309810978 0.407110981753505
0.210316140469982 0.521722505934920
0.914485983283676 0.983850858775516
0.979985376531899 0.576628187575102
0.631639696978822 0.020122101215695
0.442754379434305 0.788830718091433
0.262095266411284 0.301378143332203
0.398644225576619 0.175191789210247
0.827325502194063 0.961573337099282
0.986640764468388 0.411862230758404
0.782307374512648 0.335252457695096
0.690538369857351 0.095795924010651
0.137138573225437 0.753374209387719
0.396344364668759 0.414734510372746
0.154155614295812 0.050477694268959
0.178276210008818 0.517197800895495
0.559792887205412 0.856464299820380
0.085110488359912 0.820303223483744
0.070773604645501 0.583181981613661
0.574619623496094 0.470776722836773
0.175825549837336 0.384162572100932
0.401058046986985 0.183306984911588
0.536965492089936 0.265277070259454
0.699136810744723 0.720433277427963
0.078498318332857 0.954737965749361
0.727651968407816 0.349447203238087
0.817227908275704 0.102791584827742
0.236908299517580 0.714326558776467
0.753978917928422 0.874607317845325
0.706307053299078 0.694509551920403
0.694379680391802 0.024285264000679
0.761942555269900 0.987356301050539
0.695958365950312 0.093567072967077
0.928779314488641 0.347433210613727
0.948955890354575 0.465749674480437
0.497957365817130 0.643295854062478
0.289860685035739 0.623464813221873
0.697001274885260 0.151233965409471
0.219522152133660 0.108402185205337
0.539182963759288 0.795482054204365
0.251800943807981 0.361717180430852
0.698017256367127 0.365687692554509
0.654065740283543 0.835779261658415
0.503843569086534 0.094968792836031
0.157448297185712 0.511080036099759
0.691675142751004 0.365680366512101
0.012619372005610 0.226535128928117
0.842973322860236 0.725049985264263
0.845950001877411 0.037077334380956
0.558730567247073 0.839130692246955
0.131274491872154 0.149352571161858
0.277223048525066 0.491058556148418
0.734072580052121 0.854495142253971
0.307020074576427 0.238391852772332
0.907739690173854 0.276371446685564
0.084313774493497 0.884347390340607
0.325716710234449 0.684346619028344
0.883359454025529 0.489038509094554
0.218600813449541 0.581541827990960
0.209793700427420 0.249358932050846
0.451961817249417 0.772714501154733
0.888823160315193 0.209945133810903
0.428439180470744 0.140307487424757
0.423754503605330 0.432689075871532
0.026796709297046 0.912877388735785
0.545061607154285 0.948562418993281
0.400963694830016 0.797026347208852
0.996163451732962 0.543052248618482
0.353692405345644 0.462125746423369
0.509312138596989 0.185297355325880
0.172313602681662 0.516533875396025
0.613467389949190 0.701053377676951
0.268173687188199 0.294674384480264
0.385760202303519 0.110903805085642
0.696687738937942 0.486255875026886
0.509125046033324 0.907673428743028
0.651545303283994 0.882077146428392
0.030906686285308 0.430789382000568
0.324456719896722 0.285276864159385
0.030723729016198 0.410374394913353
0.100929202267668 0.942550367895991
0.000598204004883 0.700145363717114
0.922914394990212 0.686770173661698
0.116336827948279 0.195730352958320
0.790769147930932 0.350611317373575
0.736375805123712 0.943805174240275
0.799824635651181 0.910196176506616
0.402778223280096 0.487490446379964
0.810958743381867 0.248437788610297
0.338799097933906 0.564738691068779
0.839919721832195 0.389674827612314
0.938409980355317 0.378980493046082
0.516749372649216 0.550355077712309
0.025401581142045 0.795087459903601
0.514506754351573 0.374938786406617
0.723159385317702 0.978748890737297
0.675594035282527 0.281856835049691
0.620933612247444 0.193648138707449
0.674338167337094 0.931273338412518
0.548401894097949 0.698363779168893
0.446083634369618 0.444565600350459
0.677549175261583 0.943709663775338
0.285902657182420 0.154849291174532
0.859365928121777 0.561266990263134
0.474131611565856 0.348539756957379
0.072592837758128 0.955150781591095
0.521292773650652 0.669855440803253
0.612715871338429 0.661591678178655
0.641563526809595 0.603332795582481
0.181642978043868 0.024704057528090
0.861805392682410 0.723836270367624
0.351969671597527 0.151849257730183
0.252267602978153 0.209211303160043
0.974467620285926 0.558292729497559
0.125431428301582 0.447641737182619
0.973406961389194 0.388392579958095
0.691062542586026 0.439937932211381
0.631549159551258 0.609346271733642
0.578390921219733 0.096394996486356
0.905124466053834 0.113560861722332
0.840438897550043 0.458525505551890
0.528834128329277 0.237001699920189
0.540869660366645 0.337884449167769
0.671894204694535 0.803413380036598
0.790330202265606 0.857368593710073
0.688364338647680 0.438095864450268
0.147113974136889 0.904786415524272
0.068481572273480 0.559957440566765
0.626070292579748 0.564158757141893
0.042445648209860 0.156855844979794
0.170039378193315 0.177124532137888
0.414078934785180 0.176777414942562
0.329692581320913 0.804989783159607
0.109010558004120 0.126193266760949
0.070509947585354 0.511372345212644
0.610511177787396 0.256970959803523
0.079728241962398 0.066059012800880
0.925830822757836 0.544508750396540
0.681444077671285 0.382605055900680
0.976869562888909 0.512298474620787
0.484658869913689 0.245371273821830
0.341236542457106 0.841913023306117
0.186903255733204 0.656106958015073
0.083230086605825 0.622452157084861
0.535180491060249 0.435851328775313
0.008997804546340 0.039770718280505
0.306320141073183 0.554840665217874
0.056112390711767 0.283351227191036
0.310434464694243 0.031271376709822
0.685025114060303 0.457473141546396
0.844021748464928 0.139184392409882
0.078335858077910 0.323368821995777
0.723362306918948 0.096399659011352
0.673545016579218 0.770346370993781
0.014204561740635 0.365343544872825
