1
10
100
0.905714243529358 0.719972320238052 0.752989188380584 0.034373133717155 0.184095475243941 0.143716750888554 0.198225164899148 0.005647279820268 0.203399363586112 0.577413436974110 
0.351197989549314 0.048120317740427 0.149860543630044 0.274058551193761 0.372224613588312 0.800011205311761 0.188271738049771 0.802933979344896 0.516293731305992 0.502843161871286 
0.076289754501887 0.362604865467475 0.959195011386819 0.822700511051742 0.501589418968630 0.483673405561317 0.323928124069026 0.918190662771874 0.887989818801621 0.542462053823082 
0.333692238980182 0.844741289725954 0.534840790727715 0.414025515998779 0.776544765552515 0.557714276549427 0.603372698923440 0.281368011494873 0.756857596806993 0.230919910119478 
0.644375391736001 0.087468471394591 0.029988239705411 0.342465934452044 0.073487064458948 0.367693063799658 0.069121866896385 0.996477973694105 0.243537669131763 0.232400881397600 
0.397029891332290 0.247079105578742 0.537805409595610 0.083025459393120 0.630529284264524 0.770118371613679 0.213709083729080 0.239640778142554 0.631716316673523 0.088488906369057 
0.563372959059086 0.033997719562565 0.137587184339106 0.698478600307501 0.325665222950151 0.079243101154143 0.248446911971164 0.867447513682492 0.183724582622497 0.366009643086943 
0.195547841664146 0.577227497387203 0.612654240486664 0.554292605110743 0.879686527748925 0.072991589038237 0.303976150547229 0.331504783199332 0.775028705938300 0.743942010492595 
0.886602617333211 0.989327943432680 0.926219727294755 0.610017188514487 0.688496393516131 0.435456352644976 0.931877260066374 0.517919736198805 0.838854570386591 0.701053265530355 
0.003852838635423 0.260119141549273 0.097565453554559 0.630718799675338 0.419186624320852 0.222083983121240 0.416851587541703 0.848993922592627 0.940469978116644 0.835850723319413 
0.389426763194824 0.285901405852046 0.070368630482006 0.072137103801270 0.418157946091318 0.513752031154950 0.327349212526425 0.438559955738993 0.654138014696394 0.898419992038988 
0.082189826951759 0.468118901663235 0.493238805119127 0.100518526580550 0.878645447657090 0.479958890745205 0.695627834225689 0.775383329325611 0.576677473985974 0.473525865076244 
0.998396959661350 0.415497686662144 0.102945830264051 0.377582009747277 0.428364123973466 0.154969976181219 0.070801265711825 0.517147744238734 0.390274497149037 0.012900660619935 
0.040804377976660 0.084290055653413 0.005040634959590 0.490952414254800 0.732837160072106 0.602777677404670 0.103325704676636 0.660163961351646 0.072161676273275 0.861975528209033 
0.741687800558408 0.873024062559166 0.554319686662458 0.561952181003678 0.101667370751433 0.019049389155103 0.047556200613666 0.959626032401363 0.156614043317224 0.805586049904503 
0.816488718722612 0.134876934502506 0.546712792816528 0.890281471438992 0.247033304006592 0.105901882027001 0.689584039586529 0.817649556288107 0.480137354919121 0.914695114144373 
0.271995745960665 0.619378879191734 0.920658361050444 0.976384006616504 0.917639983171110 0.626510163521169 0.377766740718467 0.440254184061846 0.006590582546545 0.511335763163051 
0.414539922460243 0.045648660670153 0.333972101552701 0.827850480284782 0.336954273822342 0.972527325205099 0.538534904435450 0.351809656792703 0.136269631889260 0.484324841837904 
0.006244905477558 0.334927101916427 0.613841626961037 0.739846148188684 0.259660746571824 0.382471717477606 0.863684677102114 0.011291088361059 0.680785060381174 0.039498490494090 
0.265648429019688 0.687100416013247 0.783240825364336 0.328176064970514 0.150859415548927 0.861167525155736 0.149037487103377 0.417149589650084 0.341118194255510 0.014061609029824 
0.575855991792741 0.323604040655550 0.835232162464232 0.277259642591173 0.942695662322413 0.049669960847426 0.017802541746460 0.037985961245617 0.794889988191667 0.837039960229246 
0.899773490967556 0.190109967915591 0.673912569699082 0.287141054385150 0.065090227774208 0.165653822690620 0.773058103126046 0.938934250587611 0.194102293059712 0.991813912216952 
0.586998383918218 0.522389498722967 0.261886802313881 0.010001014196892 0.841375562538997 0.512910714811228 0.768455883936479 0.566255975223111 0.138011331168006 0.800462133150359 
0.647851613499128 0.936499036760445 0.431972259037464 0.256873644685557 0.824420316557329 0.985422732389702 0.668647770991534 0.735779496027149 0.737098038290188 0.574439749683459 
0.652159799057449 0.571871442692057 0.536327136736816 0.531948540711116 0.490837861094674 0.959623501071241 0.073263491850169 0.078281357315061 0.771157402718911 0.686372718776452 
0.247223066071248 0.958050603769739 0.948453066111528 0.570616125679260 0.754855101307794 0.174211430347094 0.310882613760437 0.613611412071061 0.793318567296767 0.141009310107057 
0.272531745251673 0.310844836305210 0.809777767775171 0.277083749329035 0.682213212802717 0.789656746415318 0.960821622929285 0.545350269364991 0.296428953170565 0.440291418420698 
0.547950405441302 0.212884584599794 0.558126611705904 0.489864830621718 0.329063121366640 0.151884325359478 0.347297039164618 0.532220152148668 0.270916895345377 0.331885386565054 
0.425122936005369 0.371367615473768 0.003819980137751 0.763761590555076 0.880302709645749 0.662181755225030 0.967357892827840 0.047637433462667 0.004338050839188 0.739255802336356 
0.994742199313450 0.849696041872929 0.671987533877675 0.713289324952789 0.873409780394132 0.086965239181418 0.483752744802459 0.384111914553998 0.240790205731787 0.334516699949110 
0.639177475972366 0.770422469835039 0.026697016747793 0.986114618452937 0.752904409098173 0.088549552822679 0.537588792811183 0.997201641203060 0.599848172358612 0.826015884903186 
0.192984061969128 0.618211832002494 0.081507299759856 0.150415351184555 0.870603666426929 0.386551364022020 0.542351902799567 0.270088732790112 0.794353226453666 0.787190059155715 
0.933387906580232 0.520309826194578 0.908047058086627 0.414657393342734 0.219412743203231 0.887170972805929 0.717814601234861 0.173339315013164 0.857141389861248 0.401083211225223 
0.657418631946875 0.038322637485748 0.133295915357948 0.332782813801530 0.133254454558188 0.165636245954344 0.644915452157521 0.406962714327539 0.539587811630691 0.688589552886909 
0.228557829287465 0.312123768353709 0.699628200177014 0.366009868428994 0.200728030811648 0.629967343768764 0.384323999257126 0.358532667834326 0.858782840808215 0.933627372298350 
0.788304135972863 0.800699647544338 0.809724768671481 0.211266583202531 0.101180596575723 0.509471274986216 0.843713078422338 0.960037890683254 0.602464602262861 0.123862136868340 
0.749782775447721 0.265139172350623 0.029639427277152 0.205758925734284 0.683177697405228 0.929665200826995 0.321470184702273 0.348582330088484 0.436866808465242 0.253188237899395 
0.222421716241815 0.138305871464204 0.244227579944979 0.370474240610573 0.649093737804765 0.890446132210631 0.545544124496209 0.156469052841557 0.165871591498434 0.446990496181957 
0.487881846643127 0.579665071127250 0.394530353177232 0.958830004079926 0.796064332594069 0.043185512504257 0.691318838349097 0.502116369845354 0.051892608015978 0.691400008872543 
0.965089176773877 0.581064254963543 0.349410372956592 0.879611896066796 0.081326714970579 0.055070765703814 0.755933732710039 0.005333928753829 0.899473936873868 0.794626104032461 
0.001726914484169 0.681895875149029 0.624731491893214 0.418341218831658 0.345620545358607 0.798604021738195 0.820557885921583 0.792518665107076 0.619532571733004 0.356399017898849 
0.124379412908401 0.585046215027161 0.041766029627339 0.093935309583640 0.436559637954145 0.056992355483484 0.507121958257924 0.826231457964931 0.111468104884478 0.448136266887643 
0.711280188605546 0.106518163219382 0.469526238054637 0.766764771446512 0.647563895088070 0.291636209373357 0.770397724260115 0.529421652497357 0.726118905500826 0.342313955857010 
0.640029520872575 0.012895345021812 0.008702186210964 0.721880266080871 0.828039113564123 0.878583080989057 0.826688055273532 0.570445268761593 0.086982176606429 0.608471055541113 
0.355565004136712 0.926308034278589 0.911324367489529 0.052321523163072 0.556109709357603 0.142326758412739 0.851479588940357 0.527259488221183 0.260589215461479 0.802213662524241 
0.127066478373796 0.333803404369556 0.081756176653646 0.380193095534145 0.303573826077026 0.256485252560290 0.253065950272308 0.607188540483073 0.867914362133281 0.602557569201099 
0.470458670786753 0.007679943160591 0.640886169733656 0.598886313523032 0.299213499443242 0.353600061968891 0.098349226698664 0.514979939529884 0.733796086044618 0.845114630090078 
0.837964064054262 0.709206449482991 0.054284119336326 0.672858019922950 0.624628755362785 0.905602640515015 0.209871081770363 0.242172390032524 0.675288995965106 0.400279771495905 
0.578110477780154 0.747124900385514 0.102585432166075 0.569283255343891 0.097978875669259 0.970554591834711 0.726841658312893 0.003863912753585 0.455498551807526 0.156126167426297 
0.787184788827025 0.834470916278028 0.212575580725299 0.549345345182966 0.435130184606424 0.321377979253443 0.512872867487088 0.736716917847341 0.277750474037581 0.587705213142150 
0.272951866166419 0.225702288765067 0.652588395297108 0.449701639565881 0.572580408042764 0.802861288197161 0.762761991686134 0.659504261748527 0.295018739921416 0.083538384877124 
0.278249598549863 0.517191213766413 0.936259460575479 0.323680523523155 0.518131315924001 0.731798293374980 0.901611106347501 0.002850534907507 0.868602669372994 0.615069638603638 
0.538679735031562 0.907226142555161 0.662864952344387 0.177064772512395 0.617715904122110 0.442351459703948 0.351536508852122 0.459345967804293 0.963459869270116 0.687634607936063 
0.426017303012421 0.489321441253083 0.467030500429650 0.268061039235515 0.222279093266673 0.568421098321976 0.762068557016217 0.463319481706917 0.428841986571662 0.217133707317760 
0.436258258095509 0.100513369291061 0.850237445802012 0.991535552794120 0.767515792531838 0.683857467211905 0.736046993517398 0.558792096089640 0.623546869841637 0.903235871186870 
0.775644628877030 0.873216046266711 0.344140073910576 0.133224429389310 0.680060216103421 0.029816682842321 0.137476175150334 0.785156451454806 0.124920290965925 0.388876645099597 
0.764898304697243 0.407038040482974 0.712211389434813 0.862944292585183 0.063001493494807 0.239595323155147 0.523650664768321 0.836731089649680 0.157564168683184 0.531462643951535 
0.784736886355853 0.050754914326402 0.060758749838898 0.292497403829026 0.136094617661700 0.921172319612834 0.711241590918495 0.321433378490668 0.017513350531536 0.191093392848773 
0.416137761440644 0.282561819778287 0.710121658740846 0.512775542653861 0.084599260957692 0.325854998483442 0.653426841299805 0.545442971458324 0.604529701091763 0.245924483841731 
0.756488406520755 0.420081175777945 0.207232749423621 0.457432350837636 0.556283243724974 0.970406607239881 0.689155232487606 0.128050298707308 0.241359727081501 0.958313694599130 
0.915560201356723 0.654788339405886 0.755166475868451 0.632452550323179 0.117879399914877 0.295490975280959 0.420980741257706 0.350192831717991 0.114658025675753 0.174525658944670 
0.789150880006546 0.666080175748901 0.735419671094124 0.070164772282528 0.697405798892403 0.243993390332007 0.407442661074612 0.360888733305048 0.856273607105175 0.185562656295793 
0.077353207913723 0.258814735185294 0.624191073243349 0.884009615101920 0.382605083550536 0.990681983348960 0.020673731458538 0.310422487209978 0.262329681935961 0.900300988160907 
0.440956642593584 0.718580885586488 0.002703591995934 0.541100658118318 0.981803897350994 0.114796026514516 0.048896044688085 0.703384186137510 0.765724481186291 0.480834413498583 
0.783821812720601 0.978130526114061 0.159621257000950 0.660843695139697 0.873339264145096 0.897655553972952 0.323938576713043 0.027301791051448 0.708197913821997 0.913172682564142 
0.099663345183801 0.526361620572486 0.934953295856144 0.470270433586361 0.843073365507493 0.469564959889330 0.061231068750086 0.225549702482391 0.451915687045642 0.486751360815048 
0.645136858914837 0.011141190733074 0.491736993246230 0.384088559630036 0.634271733679120 0.498549313440849 0.027377075077421 0.261503619010623 0.006727771135258 0.639245724263366 
0.492175227230427 0.135394247865361 0.984601889791575 0.866662078627817 0.686228857275850 0.485352533372617 0.739980540293878 0.732708271465574 0.785082550401721 0.597733898492862 
0.694011420205853 0.121669033146225 0.061514477934540 0.314256504929261 0.221593137162516 0.435308044528905 0.875626821959507 0.810417218070882 0.817376899312821 0.175235667267036 
0.372235471530658 0.326362006158653 0.553189431125684 0.162072637595684 0.239593267323295 0.351950664718536 0.962649225023135 0.225668683879996 0.829770367217384 0.628106489488734 
0.325663430174310 0.576612015109816 0.918554532484578 0.468143633935668 0.693655917204988 0.226491335260598 0.391522413814850 0.325616741879466 0.895791470793071 0.762849551544630 
0.182972975273815 0.239337924146571 0.197124982200818 0.504494101671700 0.865702649865051 0.771558990726281 0.241518909315222 0.563806149283731 0.392140982363224 0.321917392566189 
0.405335831426484 0.624916554171554 0.621154504314887 0.247596682618967 0.712327273997673 0.310094046299044 0.429866251940801 0.049253225596745 0.015804191194353 0.851416888475219 
0.406126072413233 0.992612724482805 0.241088183521024 0.410776154135173 0.344807808524508 0.927241890815706 0.099406797237603 0.798485352220714 0.029896423749532 0.736851788261160 
0.833810475455051 0.529247485690195 0.074369190663163 0.809591217114761 0.238352296987130 0.123957568199148 0.911162258383172 0.152139669832009 0.403686455513584 0.316794684665352 
0.381054913269088 0.288011677501315 0.385404622464945 0.359284534693734 0.747090873110362 0.878335191558897 0.265844016613070 0.926490208723192 0.380196757087752 0.082468403078549 
0.885765085482083 0.225214880803821 0.806946029489266 0.036171497607788 0.859210173480322 0.780077126072563 0.287955741180325 0.466650518427823 0.353019331345046 0.030546195151764 
0.604192901736925 0.386642730619190 0.511893022594055 0.310500757145032 0.268506278770299 0.013814228429717 0.340555589023330 0.001601385828365 0.950987973412425 0.547092216160700 
0.316487799865586 0.652743873589774 0.509308871518999 0.198155434634197 0.999860197519840 0.640086390785810 0.648960783706158 0.924158776848712 0.431713621160212 0.505620978446362 
0.903377119874817 0.636868497480734 0.167097032661275 0.456985397699519 0.320193176182785 0.273737026892942 0.376786958044246 0.637188685196289 0.967445948453386 0.008047272656128 
0.569376732093907 0.680150108574656 0.132302749632079 0.048108172094965 0.134938217792380 0.756427682299765 0.874946712334810 0.929584732417075 0.092122126634972 0.783238932447248 
0.421536365040944 0.940397426824745 0.132477696107211 0.723853338171509 0.732695762860190 0.334227277813488 0.298936185547055 0.933662544598101 0.467780281680894 0.286514431445313 
0.409816936309460 0.323710381048020 0.480202742310622 0.125940149497152 0.645378548609555 0.707192165016053 0.925393096699274 0.234732684852039 0.550852113628006 0.070408596941353 
0.040504567652690 0.152740125008106 0.078057153720281 0.666886495339834 0.663767472612634 0.843064397948381 0.187115321886082 0.771855285605659 0.601431722910920 0.781151709057668 
0.960440787032104 0.653993987390052 0.021527400785233 0.514587296814627 0.143100209849392 0.822341231447029 0.156212753296008 0.607443101558040 0.516799459238498 0.888486166453745 
0.728266739421952 0.430878820266615 0.539168269215597 0.447635668532557 0.682323647704502 0.090798321280753 0.235678055033280 0.226878868697499 0.997735572992879 0.893715037773063 
0.418441871333637 0.374947570323887 0.587487712146109 0.143581464420104 0.924310300919411 0.174997048816393 0.546380675511258 0.735189456757025 0.714090317379433 0.650408333509215 
0.301733015595082 0.963849557900202 0.355378654854361 0.503339920437192 0.541146110492001 0.206408978194869 0.623415319451407 0.576733134404943 0.144412854359659 0.645270202768645 
0.697526693520320 0.562702212042915 0.730440346869980 0.004922326000492 0.705141976146681 0.993716422181746 0.845096070596857 0.349600325954397 0.171030397918894 0.647708263684331 
0.262176184475649 0.351037948337841 0.266321563223853 0.374218447406616 0.347233110650847 0.076881989863719 0.620034026459462 0.005914739794886 0.942789607576869 0.273187155933717 
0.855252493485846 0.458298431716691 0.773504293763753 0.318512047478325 0.942757490330900 0.340138616319423 0.941144016546693 0.512489026147346 0.926825386509125 0.398151284567006 
0.681756422706281 0.128341316758108 0.571081002282239 0.901666448441176 0.191225799703789 0.706673173144832 0.996698892925416 0.636503525022044 0.990434080217131 0.396959920451590 
0.440913459116539 0.522001182236635 0.997537822045109 0.763516577658833 0.850712280937445 0.991125083565221 0.202411675743379 0.364324949404187 0.144750783508967 0.180802911423538 
0.597096755664616 0.583951105672812 0.625941019992915 0.668113051678114 0.806132787536467 0.655886491970399 0.207830454485362 0.957679671168226 0.681940791324742 0.544997291112011 
0.829801823783629 0.176603554974672 0.982962767738431 0.377368657006596 0.679288400018210 0.465484588161245 0.136053827337753 0.402681451464744 0.613613111822515 0.367568287028793 
0.999660969248488 0.053361446786008 0.479724726945470 0.112775680093075 0.490612354848734 0.525091569855148 0.867017329413718 0.069351604009024 0.914879001588876 0.444880070059673 
0.196584290305828 0.793094377869756 0.851461411348843 0.615728900732252 0.949671450346945 0.042604605500065 0.478590875371159 0.531047708067147 0.268758480438261 0.848719309569415 
0.302725784257654 0.337311112676134 0.126611588041196 0.227272511406756 0.353361703352219 0.190058003345775 0.751814386401684 0.406551277918436 0.040462635237552 0.496183217680871 
0.023698344942850 0.504291559154554 0.036361048649147 0.364573738627724 0.105257810920118 0.433785977738885 0.740262002750485 0.697492897627146 0.669548952563113 0.444651336201420 
0.111027014407536 0.746717714903275 0.693236064441150 0.111030422398804 0.912701226860171 0.631286097324648 0.940362362573229 0.768479554386073 0.707287545472014 0.267812124576206 
