1
2
1000
0.579910636588564 0.749526611487861 
0.913674156451206 0.485214980623156 
0.630995842279045 0.961669778962533 
0.221827672337351 0.550329843595345 
0.157576008267479 0.410686647196825 
0.796719922191884 0.016234155055333 
0.578434068897104 0.555612304455884 
0.700934191071964 0.963625135701823 
0.009069116638727 0.938014129545732 
0.013959643882688 0.704793358232495 
0.423146335238001 0.633579267151997 
0.000294371398362 0.966278198340540 
0.117178128336026 0.814954819966071 
0.766220051727592 0.380545453718605 
0.718701574347592 0.731779746808770 
0.731938471243612 0.917332661923759 
0.408880662415383 0.133573242859022 
0.317049737072757 0.870659194115259 
0.992376860133567 0.662122029966039 
0.339890996411491 0.284100651683704 
0.940494810468431 0.022234567961264 
0.765043675789801 0.244777168389952 
0.558024377832614 0.803207243466306 
0.598355742043956 0.305608345847856 
0.979864088355025 0.668074178665317 
0.925115605687028 0.405737928464542 
0.790425578135079 0.253688711996873 
0.314551938751824 0.050633604457988 
0.676982008724299 0.531911044337670 
0.072624346655214 0.186218432664904 
0.677538124042534 0.570653494835371 
0.115107348114717 0.155492352188978 
0.264463129509207 0.603261107810163 
0.554260349694886 0.361453290084778 
0.717042271439153 0.065681800746781 
0.444914796725556 0.776729642289498 
0.979266334618990 0.793107186067490 
0.519598749796205 0.238186682694505 
0.473592851245848 0.881241265205155 
0.157358433063907 0.543871705021011 
0.147076926343114 0.812081379239452 
0.277225231170121 0.730013724919131 
0.363182965146825 0.320071617524768 
0.324815682283414 0.547395496313043 
0.120753650769559 0.131716225150509 
0.029340897845532 0.079267025757856 
0.481025763923217 0.150216461303603 
0.148341488671409 0.647071416711804 
0.014246825949076 0.876421227834603 
0.988752271866607 0.635604997102485 
0.539360681153754 0.858358388667888 
0.095440887921178 0.635836215529035 
0.423394014483260 0.743840349067295 
0.132152977183433 0.351458083108777 
0.231590036831721 0.074113324706139 
0.644836104094186 0.044351668311768 
0.574999373015151 0.301247530907446 
0.093603015403338 0.904489059397584 
0.589152614626151 0.637940806869171 
0.267134727502800 0.621405647659088 
0.595602799925245 0.255635681838282 
0.952112184045441 0.607223927116971 
0.147540179490582 0.035326058471633 
0.520304877818200 0.775311615090859 
0.841345572505169 0.545155993334412 
0.917233625422185 0.514009200464904 
0.987863397786286 0.169890479115122 
0.388863722369452 0.511463072038116 
0.480338080821850 0.349563548435846 
0.166573945031691 0.385452373474028 
0.970373342690140 0.698086508026010 
0.245685738226214 0.651198915703675 
0.768936476204291 0.367325426053917 
0.339126118552685 0.420501372108709 
0.726344696876749 0.398133073346080 
0.065336797458392 0.367136141005142 
0.713334221545402 0.957047866087182 
0.438331291049714 0.916319472002048 
0.224727140718810 0.295848335877751 
0.767840367307658 0.320126035514543 
0.057874832359775 0.990878348894919 
0.148775963151874 0.266111882763808 
0.979971060347066 0.520035277220338 
0.821782061126357 0.932990152144543 
0.791491937350874 0.517538997744096 
0.820430556054076 0.955060263120140 
0.217433609328401 0.110077131371732 
0.485658943577411 0.586192422562344 
0.613683208198872 0.582647820879114 
0.624335857554636 0.464521285859653 
0.562771966108618 0.248398261886038 
0.316379550279276 0.770603390607410 
0.051424190465028 0.803983553629671 
0.633643333527639 0.244645747814708 
0.071729277086044 0.640447133484257 
0.823821181851742 0.482513129859773 
0.168428205344250 0.549350639557804 
0.833915814494452 0.165574366204238 
0.666720194517724 0.014857434693976 
0.400350439997220 0.396048846986840 
0.058158838449466 0.814700714556489 
0.316594608748049 0.107366227575732 
0.296621759894689 0.966443814150620 
0.904213528320395 0.598153593454395 
0.562000999094933 0.150166529403809 
0.159539395232343 0.598816708675533 
0.386176340822373 0.614688205179861 
0.525702307872645 0.921282213889601 
0.903997073712690 0.231664741740309 
0.748547178598170 0.665320664121741 
0.391412394394402 0.800373119337340 
0.815002607772350 0.158970752516020 
0.183554074912895 0.925723863150833 
0.543756309460854 0.295937186118781 
0.527489727842934 0.793018248603750 
0.000630803239230 0.699435945137342 
0.917528436482131 0.945193546449306 
0.544842336568715 0.189812528300079 
0.985375230619447 0.731776540844608 
0.977365064536307 0.362360295383545 
0.073094303676339 0.443491446693681 
0.958911224520883 0.692116910342037 
0.203755443215352 0.272445872165899 
0.592577505224449 0.474019846983906 
0.282801916948418 0.145043863381268 
0.824996830403657 0.079651862490954 
0.012592212547798 0.163252816051084 
0.109873432057424 0.465910247638115 
0.183232124731656 0.859576628319660 
0.599068687073808 0.606284310933840 
0.714727642757871 0.722064655262370 
0.978944006878806 0.532027687258719 
0.068653332846386 0.477912275260112 
0.953456010432037 0.968363385151938 
0.421944643400613 0.437685667005161 
0.290538485595752 0.129960835147361 
0.301087142217875 0.796929665215949 
0.294594671318965 0.100276543068664 
0.211889201917662 0.167894401033309 
0.545462337140428 0.360950127910023 
0.168188989923418 0.771342796456867 
0.753003205839061 0.460301032383679 
0.922260868636472 0.656877750226063 
0.616507593758599 0.514070510322026 
0.130349888794445 0.039954280197686 
0.649393867137406 0.216907082739143 
0.648677454527038 0.344718287445189 
0.032221459864692 0.309693973497395 
0.648425602943372 0.824040590952039 
0.690825455536375 0.995668839659276 
0.262620288399054 0.691591063083931 
0.961419582956907 0.627388208640187 
0.033499719519438 0.545524535316665 
0.400803639484489 0.096939680778419 
0.515866369046549 0.489326210456414 
0.527350259700834 0.753407474863229 
0.010086365467388 0.762591876793412 
0.537235452070462 0.344447768836559 
0.547813498252615 0.882993396976961 
0.330415660300212 0.432932006802439 
0.934179305264755 0.270407895690767 
0.502143981028481 0.974968370198788 
0.862104797216500 0.075164565135478 
0.308356575231260 0.262212216974388 
0.857553414280725 0.464590262918458 
0.997049631513960 0.229229039246799 
0.088958759370903 0.935511142779410 
0.312806640799356 0.205773936648867 
0.879724928456225 0.315094640016311 
0.427923957224062 0.554203966430931 
0.099611115491863 0.988392025147392 
0.031122584847399 0.273840912931218 
0.478976457497648 0.548169063855926 
0.813622699912528 0.576953687188380 
0.289274746025482 0.501088336801743 
0.132396486327527 0.645130932486084 
0.763853378350685 0.884033386795334 
0.201704040323720 0.260166591077129 
0.095023998490257 0.645341745291497 
0.766556433603348 0.770181633135117 
0.836537588696085 0.427940166001326 
0.845538216307656 0.899558182462073 
0.065009458614732 0.954851924911200 
0.795461940272783 0.240362321606251 
0.709504931760025 0.562272982146958 
0.646615114637978 0.873284614059242 
0.045409570322166 0.551389860430773 
0.384900033992118 0.457728223745524 
0.466872562753554 0.937338901573918 
0.615955582512704 0.303526541532176 
0.301525399091081 0.862183282065665 
0.836388667664008 0.390873194896411 
0.611842605486679 0.408510607641808 
0.358533355832340 0.040399753391126 
0.639424643230737 0.801230005141182 
0.787693301414784 0.951937085789664 
0.791648093800095 0.017375310234823 
0.834613149069531 0.628348557333892 
0.844541150347503 0.637196054316084 
0.160963341976743 0.779924380244462 
0.341407717723474 0.364546011301939 
0.901911692066118 0.165178474136535 
0.003636393718459 0.020554293665281 
0.487394340054802 0.465489979648936 
0.338295510564335 0.971791617002893 
0.392487727958356 0.213884242584513 
0.526528919979024 0.892620137012896 
0.487322237412443 0.502348459948208 
0.107431631757979 0.481142271548204 
0.728267213673778 0.177429574793772 
0.933998125983426 0.249140469597477 
0.034656197555685 0.500463309407352 
0.370900687156304 0.788625933918930 
0.329110161883556 0.796634687764071 
0.728268622113937 0.981091960579847 
0.884555887066898 0.446172018392025 
0.481303734135402 0.460292565103837 
0.317325060380032 0.681328117569312 
0.912481353633191 0.265345277454978 
0.793259689313145 0.044403551785896 
0.431250137528285 0.028182237612313 
0.272537374818507 0.034918923983533 
0.975557968323513 0.227851061503433 
0.908970112461635 0.428144291354470 
0.580195759038750 0.013893229426899 
0.040818406069073 0.982545501374695 
0.408864207126783 0.852004242398959 
0.562702448843877 0.770308896718043 
0.290033444977064 0.777406570615969 
0.851980419521721 0.162957319731755 
0.071079081700266 0.354842811878117 
0.838003253074927 0.583171956176543 
0.910842302424064 0.538823142023323 
0.248944801878254 0.494285878712381 
0.967675891273408 0.503737403620528 
0.548444405396672 0.740517226226297 
0.808201885126534 0.170669548386075 
0.583088976509696 0.273860982509976 
0.261421045508898 0.596227553376460 
0.501799677828823 0.507660159648113 
0.373477563163625 0.608429304881854 
0.079478721154048 0.022228774889532 
0.580297602569772 0.075661589987359 
0.179809293925095 0.114500334742199 
0.208483324347049 0.976955075168949 
0.725891984111515 0.731527560234627 
0.939258930302316 0.005295696059929 
0.212439466773462 0.656759895371252 
0.925928348450036 0.780418745789596 
0.489540358424320 0.428377931911455 
0.842219586001051 0.873508813267888 
0.275542532697834 0.360564294012266 
0.257053371259786 0.753455261264536 
0.615394645474356 0.211443196539290 
0.380688979127755 0.452789474934364 
0.290824419430884 0.495521529434778 
0.407863380714088 0.221156535362475 
0.010020645134040 0.173816488813429 
0.395454487767710 0.685150905592962 
0.057025371689187 0.471456193557852 
0.855362729172050 0.065571727951017 
0.964831492144940 0.870390856042641 
0.017720092384031 0.816630552136831 
0.691220337644260 0.903954586158727 
0.025198824100017 0.646370150758637 
0.722662608804277 0.240368341968713 
0.156106892179455 0.253530393704343 
0.509145244694468 0.683877040622097 
0.542120920806868 0.273323009497892 
0.641575854404217 0.145064743910911 
0.745921530373547 0.863054142756678 
0.223455411569204 0.335993875865130 
0.994659978344089 0.078260133920703 
0.959798814844181 0.931165737526801 
0.827099169376188 0.690997751551103 
0.588822347522048 0.201901020769640 
0.405436079853081 0.384158283235539 
0.415705581893084 0.679591125188646 
0.767226811197299 0.319149329014695 
0.872775073885593 0.232371793311759 
0.848499385925673 0.919016813378882 
0.226745330600186 0.050123163037148 
0.196053551919590 0.335054740661268 
0.781192539119612 0.424300858368771 
0.905111159513209 0.472177375527176 
0.181224887869272 0.881955268226310 
0.467893945553927 0.636805421239312 
0.717352897546820 0.187396838942884 
0.899370987412360 0.840743559001529 
0.846851608145420 0.960317501005476 
0.718330522211697 0.545504054355555 
0.503446424073567 0.175779552627516 
0.105096327081107 0.163757006390331 
0.149942592766887 0.609334772975022 
0.831621986091058 0.948064984038056 
0.943457857441445 0.369638459814610 
0.365360824188013 0.991786010899597 
0.829206889306340 0.021274407129738 
0.885223264871334 0.943005273253770 
0.856324772943827 0.442108288017957 
0.816097566901128 0.689583116305631 
0.518006476485953 0.482338978674657 
0.887823541131656 0.711882685748634 
0.458277874010839 0.696518158040713 
0.655173580758607 0.019467677365753 
0.459002708243510 0.905160875962848 
0.877308623652640 0.589036990512839 
0.223269989861304 0.109170645748686 
0.148341603467533 0.003089774401801 
0.105094044885771 0.328154786211404 
0.695053915877054 0.552290649172502 
0.600399407854847 0.262806740099115 
0.313475763847972 0.409231849694101 
0.110551707653346 0.291884224970180 
0.002954138222609 0.607265263258676 
0.217234186181661 0.205913079032462 
0.974497032905412 0.465304019816359 
0.466259330502477 0.252598649275646 
0.359596203083838 0.787969983215927 
0.447943619415511 0.523027893263509 
0.126394929687575 0.640189662517148 
0.782962686634451 0.443097087199888 
0.421981332160988 0.746318203947355 
0.475143077884372 0.151201495686901 
0.802751714987198 0.596097150322083 
0.976436196877377 0.841074786474216 
0.589202762798822 0.153228562493787 
0.224358475340681 0.727768007203748 
0.887175160666020 0.657074396517568 
0.858471872767957 0.155108911754967 
0.654485349040081 0.383966912821280 
0.800016533731519 0.504584268443142 
0.560046433135347 0.391842122943110 
0.387597662208323 0.988439726155736 
0.281993009195748 0.210385047445527 
0.301867300716394 0.113892292909061 
0.321988903096974 0.158602165075801 
0.583430530170578 0.590703472878133 
0.374810765221109 0.472712714207430 
0.150745006776538 0.720961486698006 
0.785464725553634 0.709477357133313 
0.358571637204903 0.857773057289175 
0.650507184138730 0.953559197117319 
0.302573501496561 0.348666997768427 
0.675904875532870 0.202238694280822 
0.771948702354706 0.489862931541926 
0.990683646422359 0.926780450788545 
0.979522557028061 0.409160263445091 
0.733779148257393 0.216976664845477 
0.457512816377118 0.468054408747364 
0.380916750771803 0.103868377752900 
0.797221494382845 0.727788066985378 
0.459012472307486 0.625372412370948 
0.232195261258900 0.259397697035380 
0.507499944916644 0.950518186024514 
0.416935861771838 0.594416492265619 
0.889153530418444 0.410225449052303 
0.137030879219744 0.410746694248370 
0.327390773835219 0.596030349149461 
0.101614060221582 0.627315841545323 
0.852702178019666 0.782893826252912 
0.415354240097023 0.441483064573328 
0.177769976587788 0.808203128459470 
0.804709638233816 0.484762823411000 
0.389001721213598 0.196303222873305 
0.181974829929020 0.195285660207638 
0.241618577281135 0.756372276624521 
0.670685755839284 0.709516262121948 
0.276102402740107 0.101181132945162 
0.787237397871966 0.061101652902283 
0.435719328023395 0.535253785365164 
0.076108173110588 0.241322762119586 
0.858002403493661 0.543172307746567 
0.129873840730122 0.723475550236379 
0.037488761145079 0.672246125055995 
0.590232630185900 0.382608094634961 
0.612672432467406 0.948491998890142 
0.422552933597579 0.352392394411524 
0.617045947774753 0.090848338270035 
0.483993279342160 0.252511194641417 
0.152270294647890 0.695772792601750 
0.164033965516056 0.392791266265812 
0.090924421211014 0.252849995411175 
0.666298237335229 0.014416482933000 
0.596951725801379 0.321761738103571 
0.321830625900271 0.363905623263988 
0.963833399432143 0.451949337231534 
0.176538374653254 0.412141051398304 
0.513683533498228 0.458523746583764 
0.979291476306627 0.328586422800251 
0.074874534217069 0.481456066866323 
0.612215894188453 0.399932821151091 
0.861465504679577 0.849807583686898 
0.951003077625342 0.942764418009150 
0.414620492582366 0.148734616994143 
0.120598748918348 0.901436174334490 
0.634367290476231 0.044230737481175 
0.120422233931602 0.245207972301844 
0.829461694866483 0.359044615525640 
0.833307145627854 0.982780804181665 
0.143786393307836 0.612939328374432 
0.503643311317179 0.597732325337759 
0.679627150087474 0.741434412681353 
0.872738385428918 0.974950664129364 
0.131333668137894 0.989399499397145 
0.293207323906078 0.436016962122724 
0.767286107786192 0.039344206597154 
0.309236489274805 0.330588708413168 
0.153752500165644 0.278976177652936 
0.385858484605339 0.741187099899989 
0.101136385024837 0.738574816582633 
0.697912583554236 0.250394148478677 
0.931277884565812 0.635955950828596 
0.148155024553272 0.392315504940966 
0.313885752476687 0.655278350598186 
0.074022397104925 0.364267969791497 
0.600841727019481 0.055669808003124 
0.423840060772627 0.810000974277061 
0.799032722564655 0.456627359968548 
0.535807224711337 0.002363560040140 
0.065530612998798 0.679372376889063 
0.036879010517187 0.551179940348587 
0.883352833011838 0.336818139302642 
0.793704507260533 0.841198036852526 
0.881702193185426 0.959533712219435 
0.294069950217452 0.765326915213952 
0.601496776212294 0.321065010506675 
0.314834122850602 0.959981103668428 
0.375166634151147 0.283199917236288 
0.241132679906452 0.672200552670059 
0.889106534840441 0.920241420223679 
0.941667127621424 0.592317372065854 
0.927839080514824 0.901078854159821 
0.676183256109788 0.471291320598611 
0.260855985866009 0.108824309606832 
0.113782556314507 0.108438360785528 
0.626269763968657 0.260007277748156 
0.174499925444290 0.343127107403838 
0.289821887523797 0.848797995541689 
0.071619028782239 0.013120787754272 
0.713457623431554 0.086455461562221 
0.628486871732118 0.452592896417357 
0.454591808262702 0.632173716750844 
0.671127212037545 0.994446821459084 
0.535353959963842 0.818725733002198 
0.056741984546169 0.114420988597892 
0.170515053784304 0.764781180753719 
0.688229310369581 0.308563094237231 
0.923462355779583 0.235501098488710 
0.686134696915158 0.531007765840525 
0.071502979832119 0.363988347071363 
0.741992191910018 0.035594449307948 
0.204940762592539 0.378400263096476 
0.560800658897792 0.762713378365660 
0.858784769193562 0.293005626186788 
0.215419765381973 0.991868754724487 
0.281612651733722 0.116195099353758 
0.181958825367835 0.840800788086622 
0.283025157433259 0.504430841409421 
0.802771550692293 0.333608808226177 
0.469292840703916 0.948347145186809 
0.932457761972365 0.183169813818593 
0.076210029357561 0.515691230011744 
0.562313258264919 0.137248075951159 
0.038834553323005 0.895519088865079 
0.289957127584642 0.723043303131819 
0.899706631499230 0.989038510411749 
0.603405717278996 0.491526028219152 
0.650303976339988 0.574717589958412 
0.082650697629636 0.410760875546090 
0.624904032049505 0.638753567440748 
0.786838541404171 0.886519494969936 
0.121688608895198 0.806723818845080 
0.291437087769309 0.998836952087508 
0.512840566075929 0.938216789920757 
0.067314477315984 0.934766437366262 
0.223545213213187 0.353467713604585 
0.152444475270467 0.270439238610861 
0.109224381740884 0.349500351820660 
0.356991174761058 0.709638118562628 
0.440994355821800 0.633002359185830 
0.563815753213772 0.121443774411585 
0.921253192059876 0.048138851194995 
0.038986032882365 0.236116137203840 
0.894467131609054 0.509734822960718 
0.050659841172007 0.156222929597486 
0.192639638487149 0.365734218194957 
0.509750869024859 0.919130507820487 
0.860610694934891 0.507569367266036 
0.792076161210899 0.707322619206367 
0.343248482626391 0.423051522422280 
0.379222385106704 0.944614990914924 
0.584758659496011 0.043619782825609 
0.464157727169121 0.439184797164789 
0.889751875891892 0.676261732476649 
0.207654827599114 0.938435879256636 
0.326372730390528 0.530146636995729 
0.902879818817853 0.946071773745596 
0.913708886165051 0.348987514074903 
0.908040927958729 0.418350778456691 
0.828861816345164 0.442375845449702 
0.840779890022218 0.004348248256059 
0.393475717536084 0.972808752892041 
0.193027586610783 0.824153223261727 
0.655184724781412 0.699855054148515 
0.221335466438122 0.389277786878797 
0.966352526504339 0.508883657534285 
0.695232320271750 0.161159675087746 
0.080642933552537 0.959003577111805 
0.844945853230178 0.416489346824688 
0.937373576200908 0.773341882925053 
0.639866972962635 0.542195047707965 
0.484269415367977 0.664512652507593 
0.350424222079731 0.618270718280962 
0.601146415940069 0.139105790284429 
0.198574628545211 0.163232926635402 
0.430220031088761 0.957252008444150 
0.785906114035480 0.214844895095604 
0.193146999026625 0.736796306334707 
0.903386321989902 0.497847053797515 
0.880573520064552 0.786338912386568 
0.273080785914705 0.290785373963344 
0.036876135553020 0.627379460659711 
0.749703584065185 0.745629788558180 
0.230946477036090 0.823026254374960 
0.518651503862818 0.836727130661849 
0.703284498587098 0.669209803080128 
0.867213006875257 0.819734347652314 
0.110329500235813 0.024065443086092 
0.176931055317037 0.066529042135378 
0.248871573033827 0.052127189754505 
0.887639334322426 0.408696691550616 
0.136550818254044 0.942201074697293 
0.317478903356887 0.670044361413482 
0.848865415394538 0.721262998307113 
0.388243108458778 0.897693554345944 
0.068773587754123 0.131452714010206 
0.501685889608867 0.911655289833516 
0.391889068192432 0.163211910515024 
0.039969204440228 0.184392685844452 
0.048433042943980 0.244840978761204 
0.222213170458305 0.734727948080717 
0.852520162011781 0.277225971056144 
0.339152471312028 0.674551601787359 
0.870020024163670 0.672213274026640 
0.709191166075887 0.282144110889588 
0.508149720282921 0.304086516958145 
0.051686863492878 0.992521186557934 
0.473116820627196 0.815826345297990 
0.357085259165924 0.493065641841899 
0.316546677408728 0.035310947020357 
0.748563944910615 0.191810362343187 
0.097091638611305 0.351341004585650 
0.276134060196757 0.686088373084642 
0.020533983803634 0.775349858793358 
0.061687620043200 0.500867863631050 
0.789858248527782 0.071885982059616 
0.722266745052374 0.288941060929463 
0.796183099013533 0.779431425530757 
0.538870727948802 0.889237815300277 
0.212106548477211 0.162846756774685 
0.409405646944069 0.124886348421412 
0.510932470816142 0.139708875974031 
0.226920122570704 0.989244832808876 
0.928410739281762 0.005035745293721 
0.958060377553230 0.915979358387953 
0.908036808920737 0.342367420393716 
0.361716329886265 0.158365335287722 
0.626621183871101 0.853900171143201 
0.984119666694674 0.913340631989240 
0.283753041739499 0.968346984936684 
0.794194144415331 0.717441080617819 
0.956946117027761 0.992423628836119 
0.581747128416373 0.814599356655576 
0.473669489177884 0.260336926339462 
0.031130352514856 0.649891218417066 
0.932129613642194 0.205377851660989 
0.204287522804605 0.378663307860397 
0.214584147366844 0.528698798484688 
0.019644743809486 0.297079205291144 
0.080132033637908 0.672580853434230 
0.197089252023813 0.397971694483877 
0.198338730043020 0.618973812247232 
0.054320858955170 0.834990602602884 
0.790719031341942 0.628817573435035 
0.486149712014246 0.938387220456783 
0.384014399752631 0.913630918546042 
0.435852582931477 0.567378317181578 
0.547365623132574 0.388079455490345 
0.176489752466740 0.006883410878629 
0.384895647320681 0.590711820772126 
0.760122815992868 0.320531357380648 
0.985881468194725 0.579779038274980 
0.064163233198362 0.057183716465458 
0.996608394322216 0.112029256290655 
0.966620592244906 0.474823240222044 
0.971163401729547 0.694595950541612 
0.315808130713941 0.993508571181159 
0.182838829151338 0.163574786132372 
0.525102781118104 0.418196591422381 
0.133481904439882 0.287610559709003 
0.819645458748708 0.582586447521065 
0.085038835357865 0.520792276110106 
0.389406749155997 0.456739947379280 
0.555707346472397 0.436381287543599 
0.961832151103250 0.434085449380194 
0.872524619704880 0.561373286123833 
0.597319990730240 0.467513099747281 
0.552882458670095 0.301622266045966 
0.832074207818905 0.959621539128953 
0.499374748794360 0.398230781858071 
0.645413336067324 0.828777252452098 
0.735547338702563 0.888137131210336 
0.112406215751910 0.970499633354843 
0.684533493908972 0.855307288777516 
0.017743529132896 0.412786175310389 
0.798222975541108 0.353665441504241 
0.153043939475189 0.824343924663320 
0.681526251710760 0.758873716360189 
0.497332089232050 0.676294720961372 
0.724459860616442 0.463298226541655 
0.989215564574877 0.280773567138801 
0.654192813784943 0.266975292848958 
0.139325824188491 0.133940747716410 
0.349857736181290 0.037118102264745 
0.302878430831493 0.476280045606058 
0.724845185614337 0.209680458481109 
0.034746050521987 0.749656956593951 
0.474462773544130 0.488721270220955 
0.583227127925513 0.678462358842419 
0.011255720522023 0.662789582159907 
0.243732342972398 0.031268632991852 
0.965948477565555 0.802276785096451 
0.989899500584598 0.729776612552494 
0.218882306420679 0.227659073856347 
0.527187190786886 0.863433868319727 
0.544986528127110 0.545779759892138 
0.672786398559327 0.340955697770433 
0.604736408159114 0.739797705550983 
0.755727703493558 0.364082110482307 
0.194213728304223 0.768154719917728 
0.552352038719676 0.644255866568272 
0.379300621348020 0.378891063181305 
0.124850721226380 0.299507581283529 
0.382201530723387 0.877865231097674 
0.814370524086419 0.666686126604524 
0.862901577708396 0.402910368709850 
0.555217747996136 0.843273744918507 
0.543834200076510 0.850686170226668 
0.622985379639132 0.633376841708494 
0.962944909978710 0.978962257880202 
0.906965370068246 0.714085134655071 
0.508501837403445 0.364294799921390 
0.805997880682970 0.261243616496647 
0.788418079171365 0.833535357895281 
0.886948181339245 0.977782490904039 
0.817514704095206 0.707337008455638 
0.516290802647899 0.453103053382201 
0.468067615752333 0.694800019617083 
0.777819915125658 0.048617927561856 
0.122144974371338 0.560624810170316 
0.123293599070547 0.052396229006275 
0.488656897909487 0.749617845734402 
0.367859185858868 0.674965923362538 
0.103702078512489 0.998121548601773 
0.838395331158555 0.568676411396521 
0.119710847120156 0.587916542483237 
0.710446203201394 0.944626892375495 
0.607048130680067 0.305370830964750 
0.828211616457920 0.034017170355391 
0.741153433215409 0.357087026939062 
0.592096496999721 0.594878869615832 
0.928959432240693 0.463025658485186 
0.819611793363333 0.400497186317131 
0.140244793834713 0.099058608038317 
0.837958142248970 0.162434386278658 
0.452740507174432 0.393133848274342 
0.450412710553027 0.138917992132032 
0.094223793413235 0.492708748665186 
0.833678559737454 0.758458167421572 
0.070496757342064 0.315836099480803 
0.869645107120156 0.948910632642061 
0.805062267801877 0.474263443027870 
0.892547150578414 0.503802093307493 
0.084472052629327 0.814132806862392 
0.341299089339769 0.740588154509255 
0.002737636479104 0.458344649605188 
0.346820115968455 0.909613824641806 
0.528857619414893 0.454376130976739 
0.855454871009052 0.297899367268591 
0.783429524957614 0.132320880942949 
0.492133653324758 0.738475108232888 
0.103478236906207 0.060143256769205 
0.000704918221475 0.283840750813833 
0.499047116597806 0.046617383130338 
0.763911813085352 0.131226200562909 
0.160762186746319 0.987147372108629 
0.601774060393288 0.497682434575805 
0.264493345817687 0.473641834872401 
0.774675080664668 0.034632492853187 
0.437401211305016 0.996842380005988 
0.876243313522222 0.544364520104548 
0.899072003710658 0.257982215055732 
0.091156303124772 0.215049708055755 
0.472106546077763 0.576377838813539 
0.114284223365996 0.326220290713017 
0.368444382150871 0.630532835778648 
0.880129838789984 0.393243909817627 
0.900867348660990 0.802560136688954 
0.135309526674567 0.017182080704867 
0.043541221923807 0.209204750158707 
0.801860407804266 0.285522507584911 
0.071118103817295 0.097476342467946 
0.025446662492224 0.429626340393405 
0.342836717621631 0.658877045978925 
0.780077797530546 0.586332579849619 
0.666220678898590 0.473436836087452 
0.909740311643083 0.934014392140575 
0.574390471500835 0.733244988616372 
0.527383669823375 0.177482677354599 
0.281667571887849 0.114893108548794 
0.762990056831829 0.341484392893510 
0.044063739259809 0.671221397654654 
0.954996810338591 0.099144450611186 
0.144412898045419 0.394986782408837 
0.513129661848222 0.409551616845715 
0.746316299518101 0.170547585702386 
0.845743014757341 0.067790405106001 
0.416736711196830 0.674386503558877 
0.941054144263604 0.881072640755625 
0.203990163295120 0.411269923444209 
0.419195676416627 0.576223688967269 
0.776049496220682 0.480068270991540 
0.130800700523671 0.216630046360719 
0.273486239203229 0.851738426501695 
0.667873799214961 0.860856685853647 
0.212042793852019 0.911696294899673 
0.473989978200702 0.430493781213468 
0.981740401620972 0.769783554790532 
0.593403090503380 0.271394295484200 
0.232592190862727 0.373259808246495 
0.482433866068231 0.690315367694203 
0.711405189320079 0.771727403884521 
0.721546984490242 0.828078085976637 
0.919819091219777 0.977622840194585 
0.912815991287548 0.590711362297518 
0.300643142227756 0.741885844151224 
0.525013183814850 0.001648057229218 
0.527717434227647 0.221642577698651 
0.957351310435832 0.260892143188557 
0.873938279469373 0.955217362486687 
0.632942696478201 0.001177700324560 
0.562751559188888 0.779512839361942 
0.504330737796178 0.716492420675248 
0.470332091451517 0.325775333777439 
0.955986993038785 0.104938861222728 
0.538831464545544 0.511989144677983 
0.722457592520062 0.115759585845719 
0.785489722116066 0.013619543972424 
0.105879925985634 0.819452682317726 
0.848071906904587 0.039151016138420 
0.472881532411035 0.830256359072184 
0.594003243116476 0.862843788750599 
0.738410445978456 0.901882928959085 
0.438741312238562 0.474358481616404 
0.302836629280326 0.490233607761391 
0.668337971718432 0.393374989687259 
0.698702510997896 0.530927609434226 
0.241806937214032 0.167058347451054 
0.024789648503901 0.414830100526699 
0.260828011469717 0.319200957378619 
0.097708334854497 0.161365649998707 
0.537482364697739 0.552097112784891 
0.135004837554390 0.087254970304348 
0.465127362322230 0.815682325384094 
0.698821333846453 0.847414391888985 
0.703183898052917 0.453196311646632 
0.575431502204249 0.585109407719824 
0.023522920812045 0.008605434268539 
0.243514791354891 0.070054500541480 
0.034301766912349 0.438246683944630 
0.592820533612548 0.126003841514624 
0.396515575419407 0.407631920571873 
0.594912889739414 0.353478329624024 
0.579192433369091 0.074077580261564 
0.698976261849291 0.138626568545764 
0.161075427141907 0.256801842142409 
0.828199868552303 0.205818188542468 
0.179798544570829 0.178357576932570 
0.986049672409797 0.519420574456094 
0.053977794888150 0.024746012704939 
0.646773995687036 0.169310444269816 
0.159302455580339 0.416282758451452 
0.300779592241049 0.985024231856271 
0.226625938867621 0.507264220637704 
0.753052371249818 0.015052137128650 
0.348219637520002 0.839708919358685 
0.031587695568010 0.680632654369354 
0.527766811406764 0.264925340105419 
0.052832766482072 0.367505944516690 
0.390338468557567 0.216383598763446 
0.512433809381958 0.454435549841073 
0.880506237753563 0.368345689147511 
0.822118986909129 0.293910120052160 
0.519912283166855 0.246934847853891 
0.297337778660767 0.458288015790600 
0.070029515925667 0.673801888737913 
0.215315790679740 0.643749204875912 
0.251510139967690 0.017272233765994 
0.809474035907055 0.984770574890296 
0.508433979725380 0.101834361348733 
0.743699665007121 0.173442295049192 
0.673932682767647 0.284056928011093 
0.118745202129356 0.700794468866169 
0.793079536328317 0.641497954002126 
0.603071737545309 0.741404669234549 
0.289598966514051 0.440896807515565 
0.851740871302816 0.687908814081320 
0.124863536304510 0.052915518868901 
0.979499162864462 0.108639299828455 
0.590810898450279 0.262922887481536 
0.487988046995606 0.949465510534234 
0.902826292952572 0.490791375982431 
0.712051000088532 0.130014282701171 
0.814301337548166 0.777403379200505 
0.546399137328385 0.294798261665051 
0.061493169221467 0.521539991937515 
0.941435033617681 0.371382701261795 
0.565472033123992 0.858051610072409 
0.415824118514034 0.760572259803327 
0.967360122795178 0.256687119517709 
0.623441739263369 0.437700952553479 
0.253727855491764 0.390683957400967 
0.833612914706042 0.979460291153406 
0.940928202931738 0.575198799176001 
0.036101586948161 0.547301775425268 
0.530313492110721 0.107884308889309 
0.266094135016174 0.156301822601493 
0.720693792774366 0.657395027728118 
0.659462053661537 0.137478492773271 
0.170058771508096 0.440330866130616 
0.694876878531475 0.561901263824789 
0.435500709124362 0.303104113581486 
0.056890366460418 0.536536342819175 
0.088438825686998 0.982442049886920 
0.562881114891894 0.704621661512993 
0.901660171082545 0.756713890559818 
0.636808535470175 0.987467552979854 
0.435355767390498 0.419997316000221 
0.884003790842839 0.589930026633104 
0.311245308342423 0.011776383341047 
0.423766689224271 0.558405994043170 
0.957047414928930 0.017389424662230 
0.770326073466390 0.728050484492598 
0.627966153486657 0.817821671885463 
0.217760981725662 0.725018016049643 
0.067530001711843 0.012164277360692 
0.880768426020074 0.799881783808050 
0.257031334584606 0.862037749037478 
0.770702552954681 0.659985534563114 
0.320980723566562 0.514504573655965 
0.545099903112989 0.141335078862782 
0.805402986137200 0.848472096326125 
0.858943372622270 0.514737573849286 
0.226466412784281 0.759313588370324 
0.567207414924427 0.456248319794949 
0.998850968007062 0.447411705092480 
0.380765709663609 0.228586685822555 
0.596424735868035 0.808555358596559 
0.961531667569773 0.418033723893163 
0.072212545301693 0.337597409530156 
0.857741079622759 0.650426428928279 
0.870304136868249 0.051507290535694 
0.126575745385653 0.070214282961478 
0.199263998827232 0.813928997996730 
0.968865092048385 0.008145990544780 
0.104768513498281 0.100581840648860 
0.209392870875752 0.186005623168641 
0.778610192420746 0.683317378964193 
0.996374430030792 0.010918517051816 
0.571873332203384 0.930373154473267 
0.664959181429418 0.997099805742767 
0.641998574229138 0.421339783678539 
0.312152302043963 0.119519078687638 
0.156619042715642 0.357585056816982 
0.264338259720138 0.951806662220046 
0.501463660594372 0.812354661876189 
0.283628367254826 0.769828736483829 
0.995288222596832 0.209496656662078 
0.055543145137292 0.412709513378943 
0.201708338052067 0.545732066362864 
0.228079630925627 0.584680958774987 
0.045972573072066 0.778621878534474 
0.031002645114666 0.453991364757416 
0.594128277972331 0.490856249857818 
0.294238467533833 0.859206444790532 
0.532696308414891 0.411218967603193 
0.505537681159709 0.168587481660859 
0.098885642887677 0.623556292260788 
0.400114022366289 0.854832863596011 
0.454541814317539 0.327306362223735 
0.458754182973200 0.145321218869271 
0.271438386487484 0.826621310381224 
0.605933201366109 0.687095439231312 
0.601183961044810 0.019841331365593 
0.345758839158032 0.026178717378714 
0.939931274169785 0.037056329057475 
0.551107552143080 0.842415121281167 
0.766239624808106 0.830717152240417 
0.130103674014385 0.303879157121033 
0.729855112394343 0.462735179440964 
0.834132357684803 0.608999891745733 
0.099838050649476 0.551235694957423 
0.542866138899599 0.769896736790468 
0.042380172166781 0.841106585329443 
0.464323940205496 0.957026312525090 
0.791818990251793 0.144711152269661 
0.821770352373916 0.273090317212469 
0.802770272545984 0.962609706466795 
0.764301831945847 0.653256678120925 
0.526964166008520 0.938861490665082 
0.434256453281859 0.699097487979220 
0.545283591460912 0.931455426353335 
0.352121519788194 0.645248795912850 
0.403669061824447 0.885643636537514 
0.538403708441007 0.330648971435449 
0.650966602673837 0.886429675835849 
0.081964621666074 0.000314019382958 
0.257460659036045 0.736188802328127 
0.185614033614137 0.998959475538505 
0.804747347737157 0.154374834152133 
0.072292223984186 0.934380310776894 
0.580767633635097 0.228494286747463 
0.518961800404477 0.686351855900017 
0.988234181010483 0.059005714766121 
0.200367992158638 0.715916174641883 
0.480349355890580 0.635527654779701 
0.471116714409920 0.490270050332617 
0.574626457355490 0.857716289427079 
0.692057044263841 0.480071963058510 
0.363789709363538 0.271399847646092 
0.715745465912587 0.108837668560769 
0.342143173915326 0.529033248007007 
0.685807058334894 0.238194654777024 
0.296462211970956 0.803263582914640 
0.876298662768109 0.258118140003440 
0.472375968540870 0.383372987133995 
0.899717640564730 0.617872437711593 
0.220372463543967 0.466592723215018 
0.246089260861071 0.681232803098774 
0.849972747040949 0.719757834603025 
0.780604432395439 0.118665368366645 
0.476284365283494 0.531499592144010 
0.523568919834611 0.659493114749969 
0.230058021443832 0.001148214340667 
0.763964080600584 0.918678340791178 
0.320536292020839 0.617745967974522 
0.316708119480991 0.185703341010776 
0.089796343205829 0.271046625960402 
0.523746242884133 0.517132377864833 
0.377953372113698 0.706104160058744 
0.420386695469154 0.209789840534609 
0.230505159423458 0.784029972321660 
0.340839118171272 0.748091006502866 
0.222262316655415 0.943724561640178 
0.120700741554775 0.616913294455092 
0.446723051301936 0.072866220888003 
0.969174443148703 0.950497483714628 
0.525414811266942 0.591165629479706 
0.030092484794758 0.848220105980744 
0.828639943706760 0.924871939748136 
0.628358481482616 0.329679359431213 
0.467225979204533 0.708742840472596 
0.207208879746019 0.324389152008276 
0.514295341908685 0.990166686644599 
0.001735133536451 0.795476537917663 
0.346733936503207 0.429852717222663 
0.565395729336177 0.082130281400555 
0.957950804369266 0.994480635411614 
0.368787417345153 0.812149152322032 
0.586686865932654 0.918928182177830 
0.823733085836575 0.283790615573837 
0.031043072755703 0.779171768344235 
0.250783485920934 0.045221540836561 
0.572563742244297 0.361681488755490 
0.504518568261898 0.510225113095545 
0.522124030779263 0.641108728327640 
0.198573677516411 0.840418363351794 
0.017534993925163 0.585291056117169 
0.731104595495973 0.997087550794755 
0.852193622473378 0.695075547489994 
0.601444577655623 0.819849363145718 
0.794769315893676 0.156188359163316 
0.829995880895370 0.224697958403560 
0.071832206979489 0.231354830495464 
0.645936537404723 0.130598894445144 
0.428493059914034 0.053101192957142 
0.991113493144200 0.521643307431986 
0.456538368698027 0.291145139854241 
0.803530738451561 0.130876459631099 
