1
2
2000
0.685208186196292 0.263009485500093 
0.490131598143722 0.592267036809225 
0.266678682224353 0.932469332729494 
0.476112227114214 0.548884548288789 
0.956475180607084 0.897670060024249 
0.226793223963067 0.128204208543274 
0.488455413674131 0.909229723277989 
0.678114955693613 0.399559999522162 
0.374667226431901 0.678366319558564 
0.583111275393393 0.914118166504372 
0.622298546059255 0.736066544332823 
0.884255424653670 0.194345172283061 
0.853101744541198 0.886539575309207 
0.855361147582360 0.087795260616353 
0.835088520100739 0.361675873037632 
0.421760658570267 0.229145122783247 
0.491955628154188 0.127957537125490 
0.763770859817444 0.464753591517677 
0.042615549148462 0.923243173865762 
0.035997295597013 0.985627096091015 
0.041370531921721 0.508077112274761 
0.793815513420381 0.087522211316384 
0.738682309376110 0.304649033415712 
0.508407679851317 0.931018553332444 
0.363154161542505 0.066256993544822 
0.373021734050944 0.409747070776873 
0.637255573348571 0.471102905140187 
0.455659430994895 0.251559900037963 
0.082484199305567 0.566476698609518 
0.137188701216682 0.775279738780806 
0.444073759493476 0.802861386246021 
0.688914507072125 0.304768397824583 
0.871020714915636 0.992218204777742 
0.789932013882673 0.102405355763401 
0.324116092234007 0.900687344111206 
0.762124301935577 0.825669238689980 
0.052833778950754 0.343166461081868 
0.309456495789016 0.933366018330761 
0.881339861026925 0.585705796058087 
0.588256756069251 0.172150197053557 
0.474552001648908 0.581384899474144 
0.506464167018396 0.259335751285702 
0.717092061658822 0.066313195105106 
0.252361880577813 0.144596114492125 
0.831138706922428 0.824622413351542 
0.187103910104529 0.781003435631084 
0.883601557867243 0.494796137294840 
0.400381948823827 0.164959252325746 
0.888701680363774 0.134407843221235 
0.424868692145358 0.514919960536812 
0.798958024287948 0.386315673834159 
0.832612450007494 0.850422251289115 
0.295742910568797 0.496588355770801 
0.695347012772854 0.905765602761060 
0.439984039762965 0.622913817338945 
0.180720394447004 0.266809219353940 
0.924254523311449 0.841967927518672 
0.877734312783430 0.854694266590342 
0.879406405746170 0.015198075241904 
0.797225729577897 0.396901917905726 
0.932067171433811 0.204702133044425 
0.377011154841833 0.323910550536075 
0.483733110995137 0.644360562403029 
0.236352583089402 0.608816828110730 
0.987857027831351 0.366105560733138 
0.870694097327044 0.427635938576125 
0.338242069440033 0.457187801652705 
0.955156293381822 0.159599642993382 
0.350217815760655 0.581528093286303 
0.434065379829068 0.169620402553964 
0.715487940659602 0.836717473734384 
0.113832533981020 0.019193063917517 
0.742204031300096 0.237956234372497 
0.047788168379574 0.237355780579137 
0.653733212009086 0.121198471245981 
0.604115050887597 0.549934618355048 
0.212751576123865 0.539995830429014 
0.741813054242179 0.513146882765546 
0.961709963588811 0.294010257276591 
0.684667611691670 0.826740370184848 
0.426381962870406 0.571892361537062 
0.879482442586634 0.212197009526220 
0.216118368438450 0.317198248416134 
0.852377259125548 0.633131038239798 
0.072596750849929 0.333245098227688 
0.335738875049977 0.807863543188432 
0.568268207584631 0.831280798151428 
0.828454430632313 0.418256386894178 
0.336367875183150 0.596071365196239 
0.573343646837446 0.154240484412341 
0.426269802504200 0.193984701491981 
0.788246537433696 0.750074784388986 
0.621130609072314 0.680877126826145 
0.871011933729571 0.466223825145028 
0.329180562674427 0.080564953301185 
0.213671197974605 0.049843502114705 
0.965685112869294 0.499390113148096 
0.207370662988342 0.067215966491425 
0.579513096287040 0.118365465109373 
0.997175279643461 0.643076419581109 
0.846412974365696 0.461611976806867 
0.554645291374844 0.064625736335678 
0.450511670393244 0.278276525038485 
0.676126159712504 0.412125177680203 
0.306214999443568 0.094845379286902 
0.585982044646203 0.363319835114846 
0.034602871699058 0.995745593856092 
0.926541232737377 0.585540288509701 
0.601576217927386 0.472352400111375 
0.050311476270417 0.677182480645288 
0.049426769990407 0.243997601768132 
0.695062261624663 0.449368087900940 
0.809164922569460 0.799300755861697 
0.318659862474042 0.448938879237988 
0.167855024003148 0.032120854680382 
0.598080353737514 0.015540076171534 
0.083371296227505 0.753653619235147 
0.855814567032772 0.838399480267678 
0.688401911342498 0.050675079616455 
0.466918271006762 0.932510749313519 
0.506192542024056 0.429659755955618 
0.621249691754199 0.189280484969811 
0.612434923432748 0.437477472153185 
0.167975952275202 0.173300369279716 
0.720870198206359 0.981599792106880 
0.653218242920362 0.634757678388958 
0.444590482418610 0.886223461825719 
0.076745859984881 0.286098395599486 
0.790686351330725 0.315445188142328 
0.339916973177159 0.751909017999776 
0.282802069199601 0.570597961505616 
0.834604021984506 0.242584704989417 
0.974324585952178 0.426086216428355 
0.131630300501590 0.425202995770056 
0.014345820329913 0.606533809253706 
0.267283253906940 0.169123896507024 
0.359202391893970 0.227784676659701 
0.697759471184499 0.329188408352683 
0.684310905316915 0.025273280409697 
0.593934872478147 0.495989697154305 
0.544180695914432 0.975508279303290 
0.782643241799889 0.690542127492908 
0.352900211437313 0.479889132551140 
0.305684841315178 0.309775190162314 
0.813057350604447 0.624802513365266 
0.264076209845592 0.239631049230157 
0.007967895095467 0.157921351656390 
0.342590994850671 0.944145485982834 
0.490250433597521 0.727856295338411 
0.168431284093204 0.511744448902327 
0.349200109153866 0.622785875839634 
0.447907214886255 0.094088818988625 
0.420077750341506 0.713417848923997 
0.646292372177990 0.908152913081210 
0.510344846862062 0.556611576751346 
0.828561153258252 0.988822473841494 
0.761038818197010 0.648216792010288 
0.162503485894049 0.177150366019651 
0.035897547090193 0.627161663253543 
0.500751397469806 0.408509725695337 
0.536505494143579 0.827548932655810 
0.404540721705032 0.225234996660604 
0.678648453647455 0.951495839617242 
0.949570739828067 0.579944146039341 
0.633227590913903 0.792679892120642 
0.663113160473517 0.418585804954399 
0.834497918906255 0.879029405203251 
0.981561320280685 0.236357301886299 
0.189059666188860 0.622723766121197 
0.688899076864117 0.784990774700044 
0.680946218207083 0.066645635324275 
0.899108415248951 0.376506401276901 
0.561315173211477 0.598653173319740 
0.279323584379804 0.776382907369132 
0.335663834296854 0.068517533391904 
0.375578590497783 0.508197786145089 
0.317154477827575 0.587096924575864 
0.099284113937103 0.502140340195032 
0.601548487703122 0.913295450508683 
0.660108967988135 0.411402922372877 
0.937412669540860 0.741581490607813 
0.489729889192550 0.593307088459722 
0.114675401288123 0.391316550850098 
0.990953421609583 0.706122735925677 
0.175273619436161 0.368872643151899 
0.268001505953420 0.107890255281335 
0.961546724707756 0.024492507237989 
0.346292384683464 0.760156862940127 
0.261196428625420 0.058073335509202 
0.773837263172860 0.137390241384202 
0.082046629371232 0.941531800130978 
0.911411957474407 0.721933863821146 
0.395500697718384 0.420134234820703 
0.664952062289780 0.024720103628269 
0.024508185890983 0.131152564849178 
0.891159258370987 0.713558782955703 
0.220016574708099 0.035433188026857 
0.216095351050301 0.353670304207013 
0.869298214243607 0.795942516720968 
0.546579639918106 0.469234156254078 
0.210206078828371 0.457079579367371 
0.125494412858846 0.120075111049463 
0.387326673116861 0.779522129937083 
0.584642392986864 0.954210900280172 
0.179161933444785 0.367600286060267 
0.082588963705586 0.744836958390667 
0.749886383782703 0.289667115512079 
0.279961059453426 0.749425133027578 
0.334889861644062 0.236663018652637 
0.600963752599147 0.838964916287489 
0.356229707125461 0.390046873327316 
0.957414626495354 0.236977412257046 
0.582281151278042 0.077493640923485 
0.870384941286737 0.880783630198175 
0.595288185231953 0.983234687984039 
0.714575849536798 0.871610389297963 
0.011181107850961 0.149643486799034 
0.631846877234219 0.215468797446148 
0.607941699117443 0.257646276385473 
0.512852969500412 0.073341297174280 
0.761960149852234 0.705763187204526 
0.329535370924429 0.037065757753332 
0.366242893223903 0.821062792052640 
0.016251004342173 0.526405501925503 
0.709993470397218 0.130038823147209 
0.043613562455036 0.263147003893141 
0.636003708837123 0.993394529014366 
0.806658992285687 0.919667230509360 
0.660455729205530 0.065947253230660 
0.957737032386619 0.462265301407125 
0.639149769608561 0.981341556936048 
0.854569314578081 0.413653994729418 
0.994836840340422 0.380986305235289 
0.365203981051944 0.244358394798792 
0.482249170755831 0.907607716592178 
0.374135393227684 0.369370697914391 
0.960585386794008 0.066036374491339 
0.467647004617252 0.774261519761995 
0.667621914316612 0.917323886972221 
0.441474107612442 0.124049727725567 
0.045285451670371 0.417009662571630 
0.470172612481494 0.318484317255602 
0.253435998137506 0.834337169191674 
0.005118905044288 0.848993521008006 
0.126773628019343 0.096443174347273 
0.726854679028200 0.985407899595261 
0.479196646841774 0.090021980454300 
0.167530224849903 0.774665419774191 
0.340602108831685 0.922691967703901 
0.940488235086252 0.069058731429207 
0.923034893623166 0.897269218949625 
0.866569293009485 0.318185535203786 
0.856254224367702 0.484378587697147 
0.670509799564812 0.656615425946201 
0.507201740339448 0.892310200736843 
0.335841318318075 0.898387490902237 
0.003518708309621 0.927755142192005 
0.652990261737907 0.409804590191331 
0.918173992994126 0.717031000507998 
0.972814914520868 0.473592486630411 
0.440428858744093 0.514634345645581 
0.686607028733995 0.680342170015063 
0.257778320454954 0.264434038842615 
0.493623280198169 0.087257038035723 
0.304172987223859 0.798545473987796 
0.088501232639158 0.369576465784148 
0.991739596244802 0.559902674506525 
0.503454117313595 0.956650245001089 
0.536382120749263 0.516771758425242 
0.973926570208231 0.192488949004841 
0.512059706175036 0.500925443241383 
0.861433931959900 0.889717324121776 
0.824201610688972 0.545925466596551 
0.863595711153538 0.256209401164304 
0.879633351043557 0.927935828257482 
0.468913273532938 0.065285280278203 
0.848552531524196 0.518716595407432 
0.372631034270054 0.113201333577298 
0.563506676990367 0.748924270931591 
0.360059159365160 0.461767177143310 
0.780989337171261 0.949571952964993 
0.985025217584739 0.699274082884169 
0.243185478799644 0.090478135559078 
0.223660801464901 0.469521246670980 
0.220560007944115 0.966760352773792 
0.167518702559179 0.816577935868009 
0.990398831092933 0.697906224903327 
0.735055023953902 0.472020887622202 
0.012074656722715 0.998680481546424 
0.326799610687350 0.071738193949256 
0.396724468019351 0.057104178789892 
0.327077510201039 0.430992068846953 
0.637189475589381 0.011967692782290 
0.363932886648472 0.429284896104045 
0.463482444390232 0.960816659584425 
0.278946260794152 0.760674224631367 
0.119711432705541 0.149075818080788 
0.829924581632900 0.790534028608223 
0.320302840070576 0.491952783461660 
0.251983274688054 0.026361001366000 
0.636530786955446 0.862990240891998 
0.936327641219090 0.258076679582990 
0.088774286443893 0.646611111086453 
0.651081065638612 0.252376845987204 
0.275587016393811 0.896728823859978 
0.924795521201515 0.996032391427182 
0.457579173620336 0.069470276634532 
0.440819854897655 0.874646145624691 
0.632274848044337 0.705286435272869 
0.549489675372599 0.846222938144159 
0.785521922323955 0.624201650730338 
0.295142044827975 0.623010722642813 
0.185696439571488 0.167679643423169 
0.676247469626554 0.110422713593096 
0.798856574009738 0.771560183284866 
0.209490015578885 0.868452103935977 
0.646165990590562 0.686747838482435 
0.252416469530636 0.158841980024369 
0.199320075695689 0.977809754755623 
0.954313499304311 0.220375031767392 
0.715373005501763 0.024366896208367 
0.151261529071825 0.774999438600326 
0.749277133080989 0.626139189262215 
0.998852909339988 0.409107942107586 
0.950610627174350 0.469731620736780 
0.644850843791296 0.397140050886164 
0.650383403316276 0.153725310233750 
0.784104796865367 0.738777272642654 
0.674475002596253 0.188363416052552 
0.509327328959455 0.666354625166266 
0.282172804139537 0.387099184570968 
0.473875670905775 0.645711348760406 
0.121442211573949 0.849499192424057 
0.016471463652165 0.941557223230602 
0.616975449973322 0.298471854042913 
0.562830287145190 0.147530478716400 
0.262728771752031 0.879517964845732 
0.315461849622224 0.691476849332453 
0.877572490885675 0.655675811659764 
0.970441215099899 0.218079118046723 
0.000842243586691 0.939061231729707 
0.958739886597043 0.923819365203394 
0.253993821118121 0.288378275872478 
0.499745096219403 0.373356831287048 
0.675227881487346 0.471503464231255 
0.575884492521633 0.061756323794760 
0.745865357766178 0.943223004628604 
0.789812514223522 0.003603784404976 
0.070417802606528 0.420428936010017 
0.949403650357437 0.927896404861222 
0.446711640248902 0.950556351957626 
0.140837478837973 0.236697458752277 
0.368088761053318 0.463771216361197 
0.996348359778834 0.745896286616741 
0.836620428801208 0.175394003641403 
0.840752766234501 0.368016595615522 
0.734435066065681 0.362271414957637 
0.409655797729616 0.319866778139532 
0.899675253791129 0.975284951459816 
0.872277318503530 0.141928562982826 
0.484262396640826 0.269911597994527 
0.963127750468969 0.801730607172070 
0.132562392930094 0.137728404959724 
0.129302131729937 0.420056712398727 
0.013209326830457 0.103979486329380 
0.733950428165285 0.706688231885154 
0.760758250530117 0.019800311996047 
0.521520767944664 0.021483612051126 
0.939502351452926 0.322420847958472 
0.746662089745784 0.086947676371279 
0.728703712733540 0.362645626577316 
0.596210585246671 0.770046627104773 
0.146651010362326 0.706135598564815 
0.792474700818971 0.023874825491561 
0.280371534825604 0.503492481174472 
0.556071335457996 0.033882009096684 
0.668489057488720 0.993874149138731 
0.427855821409923 0.848720499216435 
0.196632954575867 0.957844603190920 
0.802026933033777 0.292373853649279 
0.607968190833165 0.467390036757852 
0.406277013380643 0.752080168389662 
0.005829937896051 0.594508199807832 
0.379897037139424 0.515663916953275 
0.531110356686946 0.834505057152623 
0.047034882319098 0.692243116343603 
0.733959302914393 0.876109598748659 
0.959844302770871 0.391878896145281 
0.027525121906934 0.007743464135383 
0.295051379045304 0.762586885943555 
0.010874793477945 0.887759831923943 
0.227503965181819 0.687231186383862 
0.378898149868245 0.626191029835990 
0.475559065736138 0.428173272596725 
0.598913519546270 0.126522427148631 
0.815701650746817 0.274149399374059 
0.526857191969701 0.418235597877293 
0.997578128279433 0.291702455312271 
0.660352947246682 0.274340736454024 
0.155665951864219 0.612594857309823 
0.781621593060380 0.752845228907227 
0.510090936716591 0.298981131467228 
0.330104848603879 0.427080909724375 
0.876641711181919 0.719720563051161 
0.962842057938883 0.977040145937730 
0.264820823625554 0.544061135606021 
0.410052013734533 0.502346804927355 
0.632810604903988 0.913028525229339 
0.914036237709353 0.387214750270622 
0.689520889753946 0.084204623995235 
0.251434545301608 0.798723383252668 
0.486425007713989 0.862181961448690 
0.582027039608056 0.931966101725160 
0.425679469501334 0.424832268008435 
0.141691664678830 0.929104157721707 
0.226061513006279 0.734628384938219 
0.102789539459534 0.994084858275911 
0.334548341231891 0.584610605117927 
0.762165275925391 0.600759772573749 
0.248900321929069 0.470190298987253 
0.585112752175622 0.849365150772066 
0.225399860531005 0.900834714896787 
0.533071567198585 0.964803244738699 
0.885936763171823 0.469779050032903 
0.533482742953375 0.649889589012499 
0.309919421762066 0.985262659380670 
0.912147067067823 0.507708624326900 
0.299031209154866 0.233388749998090 
0.101593014210222 0.029445465065760 
0.636639344080604 0.490557698730545 
0.963375144785077 0.707539104634914 
0.328703613300848 0.732526049715917 
0.617888762671103 0.678728670484285 
0.009320639416072 0.597494848205745 
0.762199349623450 0.927540630792648 
0.921578926595360 0.552232338763003 
0.074550919294181 0.487991549764188 
0.143188646819727 0.383087720333245 
0.453629883812742 0.269757909268653 
0.016389580863465 0.087854339802082 
0.521326529196955 0.104790558499417 
0.062929027941818 0.479791957512227 
0.029649283808736 0.361328174454975 
0.017441498135088 0.331719620602407 
0.555611376818805 0.004490611683307 
0.996350160190590 0.685941847140376 
0.142323745986097 0.296109771010579 
0.234449597459215 0.034873058893498 
0.350191525240499 0.421181774539480 
0.267618414885739 0.437575761399277 
0.519026283250333 0.204301273263173 
0.917649176583439 0.279030611857426 
0.910049607841458 0.736664935465960 
0.943972260101278 0.301807244753368 
0.796177887888380 0.172707701159552 
0.767089504937268 0.743906671284311 
0.499642474160109 0.175162523256389 
0.239821906478440 0.901897711674774 
0.837912998911964 0.488309814834618 
0.045015833972372 0.205071065623602 
0.432056110094476 0.901410587807239 
0.932140070625138 0.934186899645645 
0.856075620576678 0.427792980233960 
0.670245840923210 0.047492280528451 
0.661444397055456 0.869788537442917 
0.291050820251765 0.187037777557813 
0.897952218967542 0.065691803926990 
0.923447106922011 0.829922787762396 
0.870157771770966 0.022142501890369 
0.279522276825528 0.721951570273632 
0.518147616674134 0.823806619763596 
0.642221742389063 0.185283091318576 
0.991967956472612 0.681959187729761 
0.026069610901876 0.627009621819577 
0.701010317919870 0.734548226676965 
0.034904276344574 0.592200388071259 
0.362795335253156 0.242545591855855 
0.824374426290189 0.002798137956068 
0.350013357508631 0.640867191253555 
0.491979272740337 0.802858354952367 
0.940344811050289 0.496871789953917 
0.163727184279111 0.090971971801551 
0.910496830281843 0.805423793997894 
0.024024783006878 0.962314235644270 
0.284056875507175 0.206732232580000 
0.544198279790972 0.705614037146679 
0.942178797946238 0.651654880759117 
0.205087866946325 0.704439373703065 
0.236779554801929 0.758882281561726 
0.080444577152871 0.377546177860511 
0.707840186073026 0.609394122930024 
0.750398700948606 0.759639640775098 
0.499567926443601 0.005806037707569 
0.148057471839258 0.871748070573985 
0.094590435183906 0.287701642411756 
0.107329036274649 0.859511795062261 
0.541017548129631 0.638771901968137 
0.576358563167305 0.988040190208259 
0.434119898704285 0.447559259085712 
0.688501742451013 0.973592241050524 
0.532537428229355 0.690831779476422 
0.141549473686466 0.805187303774464 
0.038345386620667 0.497087935184005 
0.625957384784145 0.163354203305516 
0.250969422880894 0.017420495270377 
0.364121833188275 0.778578574166530 
0.516854855073161 0.481943204913490 
0.175284250663726 0.588609777899048 
0.139960143751425 0.852211606796288 
0.864433776813293 0.351640448800992 
0.192557916391570 0.793545305285698 
0.148617885422010 0.451472941325576 
0.971491374829077 0.785885697708543 
0.780359250852722 0.991138973618969 
0.181947879233342 0.067799863562935 
0.005416634375011 0.913039958120791 
0.798975462276055 0.765467598834598 
0.000916259654757 0.806527267719980 
0.956382134892891 0.996965581601398 
0.479919289065335 0.267943170183778 
0.143322055690862 0.961888628271320 
0.219780414288425 0.163494746988718 
0.450786577088826 0.027325226986979 
0.874190984155225 0.911934690971305 
0.603382091114489 0.603430348635567 
0.062589908924406 0.951874346074508 
0.036190908551500 0.165316021067330 
0.395663912376203 0.887656129126732 
0.332175565491825 0.122705687566038 
0.791948397344280 0.418063753389867 
0.922500424859860 0.364775785929915 
0.168078832620519 0.043750499633641 
0.070309268594619 0.214834075961425 
0.344031724174349 0.722117154357052 
0.807911136300599 0.217960992583690 
0.794733618205817 0.092472812135126 
0.677990701742294 0.654466651217596 
0.700704946002584 0.629663579525401 
0.841374064067756 0.922993139449365 
0.602945379191783 0.100955263540856 
0.357044252469385 0.969317725463412 
0.851055917349797 0.998808211227309 
0.214515146892652 0.750389581064139 
0.948632025800575 0.201283666123870 
0.004336487775257 0.317859020543334 
0.846251586080945 0.972172827352052 
0.949416944599619 0.481334960434394 
0.209919829171528 0.554541060580962 
0.388015822991599 0.168832534470280 
0.701623280678265 0.034231653948903 
0.698668433116359 0.540349789625317 
0.348683032766470 0.853974765279009 
0.087973957894556 0.630238652855615 
0.149887305325479 0.344098842491648 
0.624089099786143 0.795012101052946 
0.168921943996255 0.902443444460444 
0.391934255140617 0.525455660612367 
0.499406924059098 0.003923940373512 
0.670533596257789 0.245388706617028 
0.650885537033111 0.049300007045979 
0.588574162080482 0.564146604336875 
0.101402310706404 0.173051488508200 
0.801183239756994 0.075832039294254 
0.989844974027674 0.521866866653707 
0.349087409823561 0.205610249260849 
0.180014180787650 0.188100913440395 
0.010730538058596 0.791799106879667 
0.218424366267942 0.936659739551145 
0.138592412604500 0.062232103530760 
0.029128062081708 0.099123302326842 
0.182863110919717 0.414348525045229 
0.541394728013605 0.525516309993670 
0.848793189920256 0.940691590604893 
0.829864733768173 0.281990952519852 
0.108452982127682 0.954972181755098 
0.761837675510985 0.861785649093260 
0.093298824707174 0.868582095033610 
0.592643604580626 0.037175978640579 
0.230857994902291 0.643417477854849 
0.427584950581915 0.121735305266867 
0.857008100401567 0.704099612235861 
0.977725088875306 0.335074576679051 
0.934741049134838 0.631156643720123 
0.576840194631911 0.166331661835690 
0.440965099185234 0.176456690284607 
0.998138117750540 0.118032803325206 
0.444813682235467 0.143159188540652 
0.211888910909948 0.978550099845056 
0.894092292500733 0.454677610381014 
0.858899283705425 0.819230194396440 
0.650910340271776 0.300623915069919 
0.879803212228535 0.241371373789473 
0.373207479832538 0.592431084248144 
0.436429674016730 0.008577698964101 
0.425799361981338 0.087326638372789 
0.989047344130475 0.091620030507400 
0.122730488440686 0.446557122929184 
0.152075705058009 0.325785977372971 
0.252137089396301 0.182239750828718 
0.740890394446481 0.334801614206424 
0.015486116702959 0.916943602712273 
0.243640273510191 0.110760264084668 
0.224971164915622 0.631080241309460 
0.804532395296877 0.656094331421210 
0.846009554127136 0.605409368931494 
0.688830320620819 0.391478268222105 
0.746199614827614 0.579441960611603 
0.114850057118204 0.612652179635205 
0.817760470116721 0.241250051566604 
0.284527237219908 0.139507171184920 
0.477391533249212 0.540168733612241 
0.421668214108076 0.442374937697012 
0.915652056705771 0.471102472266167 
0.635786168396687 0.953315993047338 
0.367376018638686 0.917624460405433 
0.469463690055701 0.974301999410665 
0.105301194994451 0.860784375510216 
0.058470682798106 0.579539796890292 
0.821005229002279 0.761516322600010 
0.936407298872955 0.175785813509146 
0.550406186963167 0.206765341185355 
0.649428917607421 0.932351473788056 
0.325498185599764 0.972927572312489 
0.511650666441675 0.121601412201510 
0.289658036132368 0.504925439925083 
0.028117343788797 0.521098106592451 
0.100771303028090 0.435216057288582 
0.739763640246137 0.420148260889515 
0.064591845405740 0.174257585345799 
0.503578836350928 0.446357349761044 
0.590161940211991 0.792434564806277 
0.511229234176703 0.381900650473812 
0.239784218706348 0.383170151981840 
0.670680590718590 0.374570771218359 
0.857951419567319 0.847929577378228 
0.327901599302102 0.465262738185713 
0.006803182589373 0.576045745994801 
0.689518979747065 0.151409884069157 
0.210093488490986 0.805774366444253 
0.722333766830679 0.784984793640722 
0.313316879519449 0.547712779416862 
0.751896780709636 0.964031523580157 
0.604554573585746 0.827692920214121 
0.459881361863229 0.718296659192307 
0.208767034906191 0.663485727552797 
0.488779635825099 0.212378468612616 
0.667672211555630 0.628130684005481 
0.402488207143282 0.893914720511769 
0.548013829565534 0.072430608541686 
0.322637749350191 0.499681821361102 
0.382937716607613 0.080128750798167 
0.163060574201024 0.099078716847652 
0.244357993435943 0.011511616857052 
0.018578917394083 0.402321350054688 
0.768609505548247 0.054657249381720 
0.929335844634523 0.889774515527195 
0.513346700063066 0.548275680714463 
0.938179645988478 0.929199749682345 
0.110563028652112 0.966064724279555 
0.086152182462243 0.939299232307345 
0.798769427859172 0.359730539889182 
0.749919805369946 0.830787628895808 
0.566784062766952 0.746299336782999 
0.515025300665489 0.410324904094204 
0.322250002572491 0.395073061758840 
0.600128000691134 0.167995006788329 
0.209911098665523 0.220558226793213 
0.699938527973995 0.885616894472763 
0.447840964621065 0.519923950867275 
0.998343159271553 0.801025613612524 
0.824233333239837 0.107021557708232 
0.018252713498705 0.642563260917532 
0.303026811002358 0.489724966327455 
0.920998985613341 0.708370501842057 
0.023550587143715 0.113327144468856 
0.845641705878398 0.306671644105531 
0.347542069168696 0.849955078031140 
0.887337313283940 0.296097105178175 
0.506301174191589 0.852441956032644 
0.353960294721472 0.169189438815680 
0.831410506710654 0.610821564224478 
0.011456937835865 0.107589767618089 
0.514364080372363 0.550587129997224 
0.130950239250855 0.704003918594747 
0.333611978130826 0.794082667681699 
0.284403654391676 0.593898379375116 
0.811941843864729 0.769872157342817 
0.000691070767661 0.068978304641910 
0.822782698460037 0.199657671475087 
0.590208285230036 0.854851000206563 
0.750930069229653 0.618294971872728 
0.673701807931627 0.626880100914783 
0.931355780274575 0.989680929616987 
0.209778547660816 0.511087054785179 
0.239180183233267 0.169763997202483 
0.105599742482739 0.771058140394397 
0.384547607799631 0.937655914737729 
0.816551391062936 0.117167062626559 
0.678061358025286 0.066798312181664 
0.693222531259603 0.591024135520753 
0.775596936811625 0.440365751019974 
0.217811541614216 0.775915360548453 
0.185728097367502 0.528562352677553 
0.687120087415126 0.163095557716045 
0.128662539893753 0.640196108288865 
0.345583054950255 0.864151936636549 
0.672499612803130 0.236891422363358 
0.449322186310076 0.501255527248482 
0.940785771667355 0.255527216051129 
0.250999771743817 0.029969692131665 
0.584757254493564 0.822964035559366 
0.435288331139165 0.453386501100873 
0.644324566457462 0.966850761623797 
0.106060947450520 0.871713347070453 
0.383766250273201 0.927277506330810 
0.028945905528917 0.078033507152153 
0.681264460704145 0.456268274683510 
0.466678629215135 0.958816313545135 
0.075828054901772 0.055583171969255 
0.609722956996300 0.286853615478458 
0.630813726272724 0.448026993345062 
0.300922432786104 0.104651610853356 
0.360169421503819 0.703437016860785 
0.480481958882360 0.787907521741800 
0.081688139919246 0.347749717242601 
0.536368702214525 0.051553362470488 
0.210974728142766 0.472022703265965 
0.535260604077157 0.614949777010751 
0.190492124887000 0.328014620370408 
0.130459608327651 0.978164762850968 
0.959967395847722 0.147902365232954 
0.795725985600866 0.777873799751514 
0.117602289079377 0.957941447200283 
0.917778982488648 0.489269135947396 
0.195946998095688 0.969352209421617 
0.195248433424148 0.819467883958825 
0.781959566793615 0.724440444812066 
0.738150657699486 0.998259966003383 
0.047688158837655 0.551938733545451 
0.239501235932795 0.313638450923763 
0.626176442946157 0.042779895760776 
0.599466165712784 0.662406559761788 
0.666607563399747 0.195991883502850 
0.422492448364535 0.590256974674767 
0.333365235806169 0.604128969495350 
0.879147316340314 0.281071108885614 
0.975605201699662 0.548631414389928 
0.526935217788663 0.221786552917439 
0.687093969322007 0.157731749601888 
0.818150500173404 0.817033923491925 
0.000486220263628 0.843002843521669 
0.187862432075626 0.056844546058854 
0.015875758903109 0.075369087631144 
0.811418725190700 0.451082672651271 
0.350369614242812 0.187379029685606 
0.348392606714957 0.835857576516935 
0.913598308797333 0.295763969419835 
0.248687550465659 0.330021963168721 
0.663489964551080 0.626783684798433 
0.486552705169983 0.673965020327947 
0.177299482179121 0.496587305435824 
0.909551471341657 0.418259874809973 
0.084798443872440 0.949793291773988 
0.742064322339956 0.946327171493982 
0.153695326021670 0.591719898111956 
0.166696494603963 0.113127045681147 
0.091769497825753 0.463173235584109 
0.321999575018561 0.360994680470060 
0.935866921650424 0.901427043213216 
0.501205867798396 0.534085112190238 
0.234819223869367 0.207004896992310 
0.814212853247941 0.254495022549607 
0.101511943862162 0.593101913082736 
0.083844440455619 0.645980641191247 
0.608741921288473 0.332959582996978 
0.287454679599671 0.395292679504349 
0.934167649684300 0.240234201163078 
0.426228539414469 0.626500457218681 
0.121570857199606 0.618375678385591 
0.307073927139353 0.830279051007689 
0.318811097702272 0.597259974472631 
0.355787201081746 0.137985150613974 
0.877269699563319 0.338795391625575 
0.245214754864975 0.559448339613343 
0.753243222172083 0.937949101674843 
0.818421188336440 0.413756587495135 
0.238660654688887 0.971617010106705 
0.514414340012368 0.073915880303738 
0.166662764011561 0.554986672806717 
0.262766134104717 0.319115886996183 
0.386995812376135 0.453519403039126 
0.603507698962648 0.042434763499164 
0.486836422117083 0.268404413225824 
0.609965665618940 0.797167992201512 
0.444577684024178 0.964314456053896 
0.044746071025778 0.681567513114820 
0.147271443166150 0.040518455688205 
0.062861365477097 0.359629277849993 
0.476835325093459 0.459884213063039 
0.691034702349710 0.594668586600383 
0.975796886692687 0.045029689183256 
0.258505207449093 0.532774239277552 
0.940262332724674 0.426858670196314 
0.932196660691421 0.114834287185860 
0.155959820848387 0.787943070789712 
0.517901196486389 0.418677474705056 
0.392622923636466 0.581690408775841 
0.729168764168491 0.436976116038679 
0.202642797395650 0.127961858408487 
0.196882096750618 0.781907638639592 
0.531832196840947 0.486782630543962 
0.595035815143258 0.074174012994773 
0.143308585673966 0.294013307098695 
0.392027805754301 0.321828974998929 
0.879917076871587 0.306326655445619 
0.901809512930847 0.423465535920315 
0.346278849361430 0.247562032741767 
0.505531370188003 0.040667174782490 
0.678464064414263 0.174504960892889 
0.141858243933693 0.476227449718623 
0.687452559508700 0.987366952460634 
0.422919104669507 0.867495666087512 
0.811960029265687 0.898716411408806 
0.022894026036312 0.958305648379030 
0.996870671204915 0.644338698422877 
0.307530876044562 0.948298507599024 
0.825432328972201 0.970479601115953 
0.525422783511179 0.435050067346729 
0.976533237332488 0.464153034475223 
0.265666977221895 0.262266164715665 
0.352794435919088 0.106670622690791 
0.301564251621230 0.166410487258666 
0.030875211098801 0.025277045578410 
0.386307645721452 0.474480510803339 
0.522303512685592 0.793751744042773 
0.044147813829707 0.747249789466933 
0.701307222560431 0.290064232986822 
0.909311703072626 0.185145220980008 
0.155535947072432 0.557646777347982 
0.704990369637181 0.818030512240678 
0.646227513772718 0.336574502830958 
0.526000362790845 0.985517774263748 
0.826287174858283 0.931919986774792 
0.691262737122168 0.381031394727848 
0.357911295428548 0.868775695137204 
0.066032571310593 0.980699477356550 
0.095802211473975 0.346914177970263 
0.418850546644118 0.507249884227647 
0.057683836279038 0.852782618591220 
0.074478160571215 0.689439509829126 
0.490742870473568 0.412504733688367 
0.851616018026500 0.469146854270785 
0.460783466243611 0.876789932605610 
0.032994856258618 0.481109500836764 
0.040298082540469 0.317125499399100 
0.905466987460682 0.584390023148449 
0.352320797051564 0.082355162373161 
0.229015725873031 0.960004719087882 
0.438843583480417 0.315722888378785 
0.846139136864094 0.305752000012109 
0.165740363674365 0.764688061806434 
0.526852983966053 0.957128080721513 
0.150557079465682 0.529294549704888 
0.059598067604833 0.342319470536836 
0.005190968039027 0.989602483385134 
0.544624597156131 0.039613526201949 
0.022395284642177 0.528668663181845 
0.823967014864017 0.847169546127786 
0.803210920831237 0.824787275285843 
0.990909956442987 0.697944590907171 
0.221839066023687 0.425180271676447 
0.961886911603273 0.956669840816595 
0.555134604439591 0.033052074242894 
0.165040664549354 0.621124817376833 
0.565812740607651 0.440900841549146 
0.502214650562722 0.216558173167470 
0.821626247375832 0.325204581570214 
0.874932981482023 0.719955886050500 
0.557184214122104 0.181077141284870 
0.729966096794671 0.679958300877527 
0.940747698300881 0.520215421760888 
0.276367953688834 0.808580105011321 
0.695251596556268 0.081436143099776 
0.253409945027507 0.712488069678896 
0.640965784517751 0.210326746411188 
0.387625494332113 0.104443217522227 
0.876623199951266 0.753011583142097 
0.967218639088903 0.789615959544060 
0.996506199523338 0.778761122470088 
0.283378790232483 0.956833743186737 
0.952896695164456 0.197148892514101 
0.040582812761268 0.821422551362974 
0.916459646041192 0.867686532284860 
0.221755206146014 0.464155519326620 
0.761543744487999 0.113344738230352 
0.309195208528228 0.789922844939349 
0.609046620333741 0.644094210708297 
0.208469935268745 0.890089144318441 
0.196406698948444 0.772576940115556 
0.700010570837975 0.734106048332234 
0.712447331625849 0.461245139287583 
0.751938618785629 0.038798937327167 
0.134213163077887 0.178781650957668 
0.567687641705632 0.367848806643154 
0.033602658150451 0.763341766338153 
0.813275280215480 0.999341540861960 
0.283514904224771 0.491133722381772 
0.071619524312465 0.865858244405772 
0.086392566592939 0.331080974088242 
0.205081715412570 0.919432475118520 
0.272457423284940 0.929786406152912 
0.972458683985116 0.602800990844044 
0.870598336029262 0.215744764839929 
0.942934602020088 0.718726792884859 
0.541786269040264 0.637726857265769 
0.477042814959803 0.880774569606377 
0.583054499044376 0.959484620277130 
0.303476759808735 0.901770136524286 
0.859496390633679 0.221403700288070 
0.010627939172184 0.930277270087716 
0.202397250907946 0.949456147427392 
0.593018505320724 0.880776561879306 
0.523530856237142 0.942782611225572 
0.045334615300570 0.719832844694168 
0.138815038328231 0.003459957957362 
0.880555614208818 0.468389080432948 
0.568935150484941 0.785486645762086 
0.363714138393231 0.359426156612656 
0.390208041408186 0.534745178241935 
0.199109916647079 0.450579634748497 
0.545873281871323 0.867676945767392 
0.386340347537142 0.132906249100093 
0.896162491292685 0.893631782756122 
0.969299076455865 0.399844167951507 
0.684911845629655 0.924330785894547 
0.442333631326308 0.444512804392375 
0.031146201854778 0.733608066273255 
0.649041452657868 0.138849614033783 
0.515978593667030 0.831572584708829 
0.111723411688663 0.214682500500578 
0.428331533581377 0.499559410165668 
0.863302586657156 0.514688641106546 
0.257401500609370 0.395714432387893 
0.018555107233813 0.510291345753375 
0.575452071148732 0.385784755149014 
0.517789325516718 0.393898698711014 
0.541434452847815 0.879662482141710 
0.703648057846306 0.444489298187385 
0.874099240298661 0.361456749501846 
0.650498131977060 0.038401283269979 
0.292676361754753 0.989345094290172 
0.455910568148879 0.631283450810133 
0.103865108253006 0.111182096860332 
0.025023360723346 0.272517965338033 
0.825789313870210 0.292819430324244 
0.231118365295873 0.730025992979796 
0.482737615629024 0.988318378093531 
0.719532416622089 0.101219472713643 
0.478922313357804 0.294712333734462 
0.037062576567173 0.864963176772344 
0.765154461741426 0.328703148652788 
0.215313298763393 0.689763575858606 
0.349247041644253 0.638652023569320 
0.413973738289711 0.955001580536646 
0.069122062617138 0.722452189397700 
0.738801364073380 0.864878807295545 
0.947011466835337 0.160346787684631 
0.889127770193553 0.238847965563366 
0.373805617343981 0.091482704841633 
0.860991313521683 0.547649515559837 
0.834517824679852 0.763966776963290 
0.534540463982486 0.530678816902544 
0.878996486012511 0.670417937037304 
0.608140646092793 0.778258890495851 
0.566431258159851 0.344485437643843 
0.006656546886012 0.991495990915566 
0.667863533270396 0.238529309420380 
0.587670874118773 0.242746391796467 
0.497825168092164 0.228636526575082 
0.696939578400012 0.451324672355117 
0.364394216065482 0.200372397468255 
0.883172722790375 0.461935196846213 
0.276369643775858 0.857143179479842 
0.872269091160281 0.567409772986176 
0.726931868431248 0.362773175768068 
0.722421734103970 0.052686673461683 
0.085069257038624 0.680875148408577 
0.934050973385880 0.353567131003856 
0.369215550486671 0.505820383865733 
0.172310013773563 0.721637441435537 
0.951956447155739 0.493590551806019 
0.174947600694043 0.865845889130289 
0.050328474919943 0.095520646754537 
0.364601249170473 0.901575931620171 
0.693146549026584 0.673918380031382 
0.662133751976491 0.079657956160950 
0.224961355776327 0.735772378639601 
0.006414222729885 0.190614028809106 
0.305661161468925 0.059237824083904 
0.125984750083676 0.243531131008304 
0.795397177107319 0.207314770560637 
0.179341971238594 0.004310580492328 
0.876425557838681 0.424111050353827 
0.983102869457375 0.244641995178825 
0.256622958891605 0.191308181081920 
0.681112135818117 0.100902797327870 
0.323846873088273 0.785925213479111 
0.872588444007579 0.771284787652847 
0.675975800095963 0.025202074169748 
0.413695362444851 0.889801694106519 
0.538378955735782 0.010400441886692 
0.334461933440942 0.307432613972439 
0.198728291998829 0.088546875620344 
0.571767439382476 0.683508096240839 
0.738480462395843 0.439619506142202 
0.509142867246663 0.244547166253867 
0.021020484787149 0.666405780399772 
0.635431904708422 0.303105144488559 
0.108371986486935 0.515235986643338 
0.986892423735977 0.645793313380412 
0.021544208354390 0.388023083424512 
0.421108981672948 0.697483904897905 
0.033999059536323 0.619516732737190 
0.186125570791696 0.447814507124116 
0.493386073493555 0.588405028891340 
0.694497388808126 0.486457964530853 
0.503606868851370 0.606875124322903 
0.889498937128117 0.135225743431823 
0.667435289689217 0.190469430310206 
0.099515113493302 0.587923493292017 
0.489332807272168 0.748551322900771 
0.816681078325223 0.172979912865392 
0.968763005682013 0.955420570438818 
0.407125450025144 0.339221017497599 
0.376223779108389 0.063095568643701 
0.362710851952062 0.731763869649509 
0.197378631006782 0.199005238391848 
0.337954472855241 0.772855035334826 
0.755083670170135 0.255311269245708 
0.880850618197306 0.491580790924447 
0.074770299163212 0.321306569585660 
0.462606372703240 0.956727846506168 
0.145557883643962 0.736313527341430 
0.138840211289871 0.558674432950904 
0.847634938070750 0.747731508538574 
0.933582774054420 0.559043703857028 
0.465860804209273 0.447359770294949 
0.827458062851464 0.780952355053145 
0.890204758289364 0.128848642143964 
0.052712171177039 0.048039771039898 
0.315552667463150 0.460108553835004 
0.250295772641252 0.997063576486552 
0.496576034439830 0.896732156380963 
0.927996055653773 0.186699837551479 
0.387771928016825 0.575962912762217 
0.573652172558356 0.004287446443187 
0.304446610325529 0.525468388408588 
0.723777775705038 0.732607327349841 
0.577329506474318 0.397154337656028 
0.265453425231547 0.280389795878468 
0.041668442773693 0.093481464615552 
0.258140171307290 0.503093559838675 
0.601071016107006 0.592223788059844 
0.602105106204309 0.744602562776707 
0.537021145311486 0.995333744062941 
0.951438762991574 0.215837851579795 
0.196913476094543 0.328555903028486 
0.372182788692873 0.092883235210111 
0.186613241575647 0.900657803761154 
0.379876277555092 0.765075410070360 
0.217962321573235 0.094622722658895 
0.155867146980636 0.492610296358389 
0.317316813899588 0.307876005593270 
0.938024968196100 0.843569391879129 
0.188115478132612 0.384593044235286 
0.809030045272503 0.671871008392993 
0.138642309130757 0.290363673521089 
0.364202951889158 0.070503426655511 
0.135560467463509 0.967963838368402 
0.030877680226622 0.688497726843722 
0.224459462793614 0.282712807505083 
0.132610701136074 0.035450748337730 
0.770570603993218 0.716869900914128 
0.144057102426024 0.914008925889528 
0.715970634264469 0.004751759277492 
0.966134263086862 0.918576331931404 
0.324007046423166 0.213727830775009 
0.466132445777951 0.017611357159231 
0.687342864250826 0.870977639937599 
0.973720918482953 0.597227990920353 
0.612932533036677 0.611870919151831 
0.901336899530759 0.985419425626460 
0.365404939790875 0.483057577412420 
0.166234188693103 0.399073124253575 
0.149743199613815 0.471830958392450 
0.631506982864157 0.460048153030446 
0.144815502394320 0.053055183969902 
0.354693791535547 0.911936971112648 
0.361224644097007 0.545923071717277 
0.035105044983970 0.935735834758728 
0.590108700607014 0.855038105958720 
0.684807357299272 0.510498786732035 
0.233938674097335 0.733790398983047 
0.213236438918480 0.594152812777473 
0.866023534379288 0.052723410842527 
0.311699602515512 0.510002237060782 
0.952346819428819 0.681564151168432 
0.751567686828295 0.816052641908806 
0.287523131750132 0.500816750757961 
0.968745899552227 0.107136194570111 
0.346076934001857 0.747295771885549 
0.597051526233269 0.653921423840359 
0.930910127578866 0.367701558475400 
0.434415678812323 0.518242151038988 
0.212738976713736 0.305317456208426 
0.178365609453828 0.800782368477385 
0.497444675409085 0.677134624773665 
0.151032683564766 0.975004541380896 
0.832696660745834 0.612186863602221 
0.148970663713844 0.840311140955808 
0.870870941821565 0.116604424866379 
0.499357730256201 0.487780306102590 
0.242200531914190 0.706872774433140 
0.381694608530927 0.813418450429536 
0.060258651613801 0.710007954295342 
0.482900688858413 0.536723740588912 
0.081289470956873 0.067837683305060 
0.093748668809273 0.386456400075298 
0.469565838636684 0.202303090129101 
0.825867447857940 0.100863100365468 
0.082866292163537 0.999673460304614 
0.231082077118501 0.156204346623177 
0.685329035349862 0.253791843001326 
0.738648690201905 0.685285137193120 
0.519353889338210 0.971946766304727 
0.490981262012565 0.876791094329903 
0.223887048475689 0.791691672289373 
0.854756192652295 0.256583655166482 
0.173338458317477 0.382909884021781 
0.611819899805344 0.643709089746695 
0.929544784781331 0.116650222517039 
0.093113214092445 0.246728626748821 
0.648605464724128 0.470733747833968 
0.808866210944746 0.320077285736522 
0.965083281819505 0.611860452116231 
0.449605169525690 0.035511875959174 
0.087975087344115 0.344919094826306 
0.485053528224627 0.740308884984950 
0.586022072381285 0.152432026721614 
0.971796700824518 0.571725771786515 
0.614343290094641 0.360542050683306 
0.595620540328103 0.476339878950812 
0.140040328064104 0.562675240327794 
0.420721646444008 0.043230946497394 
0.061334545166044 0.307990631688324 
0.295527379502598 0.201575121492095 
0.982962977763613 0.718953820770853 
0.373651864695677 0.756069474461267 
0.809972740284926 0.140847977261661 
0.748553934508462 0.937707756255715 
0.252717851611742 0.145762920116685 
0.771751494751924 0.632779831633765 
0.797776389538733 0.214578876252850 
0.226986416080448 0.719568535900915 
0.692670426149246 0.202688311141825 
0.166522498218465 0.990069542330900 
0.016684360334272 0.258675960212737 
0.880798608197991 0.463161098114113 
0.965742288310304 0.209903336358384 
0.168948087796706 0.506002228315217 
0.066218451997207 0.554921255142850 
0.805234033569209 0.072039624726215 
0.150719290510420 0.109859504108904 
0.855240221149569 0.536854825265859 
0.578289090739077 0.044420128049360 
0.285695190953108 0.067184911637339 
0.362156237121519 0.512827389941468 
0.133097207699174 0.193801674202981 
0.580050171025091 0.336063044127624 
0.348846159780147 0.275535387618648 
0.685283739349361 0.223943745241443 
0.322377852339045 0.839581394499511 
0.111209732752324 0.839072133651718 
0.998834960663614 0.362328908530582 
0.867323937236123 0.599421329769169 
0.454098444559575 0.915302925675719 
0.662202139193113 0.492288215362958 
0.767541602183550 0.242412185402147 
0.456621016375925 0.329577392431723 
0.041658651890966 0.257547069292697 
0.249628646278974 0.812855029562646 
0.457758403701325 0.655673456843703 
0.330993031801637 0.496337443597917 
0.328202723019914 0.315919567962913 
0.195371976025765 0.236956543769876 
0.208208651246488 0.441755033269930 
0.806711152895257 0.002870340142227 
0.264022141440663 0.931212194354984 
0.925791717620172 0.975263719071198 
0.259309900562507 0.299202001408231 
0.769512536306379 0.723010827337908 
0.717906082842612 0.584327924463723 
0.357406385035113 0.855747143915349 
0.048588051408249 0.064202993862944 
0.519053261106022 0.968126147380855 
0.676345899051509 0.276126600967388 
0.685468559813352 0.876511439192111 
0.514648708367487 0.794079602783256 
0.268207227686541 0.119082493586016 
0.434499750758394 0.448347153492606 
0.641839476878119 0.441308042514190 
0.738611900109217 0.190680767088298 
0.488617834614471 0.520968121203595 
0.032823842821336 0.605762863565281 
0.538568967920007 0.500382446904515 
0.301916232766842 0.148837751172404 
0.543908029473252 0.988228737434662 
0.443276391824708 0.549725629309256 
0.663587380989229 0.069312077124774 
0.989399212480641 0.465036841756141 
0.301955451045128 0.517871944340498 
0.259000608317686 0.383255829429742 
0.844915562205875 0.848491199222536 
0.716559477495476 0.991465373355519 
0.667638832563861 0.058396722303742 
0.891392771262654 0.697833599982265 
0.249799033929517 0.915919083785687 
0.809907458791325 0.770587516130980 
0.227461630878935 0.432104258349098 
0.528462176304103 0.602048339530961 
0.735172879983878 0.715947542810052 
0.019310783333273 0.935406218899552 
0.447459550451777 0.758446323048503 
0.358388416990511 0.502262055031305 
0.315863300914579 0.816644336340396 
0.891240380125030 0.410567346190984 
0.115797964277567 0.976067656780693 
0.812182907219662 0.795443267183565 
0.566932431832061 0.158428322921537 
0.381823863922921 0.699462394680672 
0.971465371661964 0.311198233793967 
0.829360707536938 0.884327750693730 
0.026572274058976 0.766633110790069 
0.838612164244982 0.292485924737737 
0.710469558047972 0.790052006403096 
0.400528617333271 0.175061747854007 
0.915954280980094 0.150655016788212 
0.729965952180393 0.481604189278623 
0.810942216842667 0.142888288341824 
0.890796243772833 0.967484787696419 
0.742440859095947 0.862341724851835 
0.750967765578636 0.616390805091912 
0.868558616482634 0.697391805907219 
0.897916002046561 0.398207637372900 
0.602564676477741 0.936277980045387 
0.184766392574197 0.086686149990424 
0.383678527173237 0.109028060205027 
0.649058318197325 0.846642048628812 
0.251182613319476 0.184624538632431 
0.648259540686068 0.567036561924285 
0.191614416845872 0.026029917373614 
0.190128413795951 0.464138369915679 
0.253209986014465 0.569166538791172 
0.601021269491482 0.308069360309353 
0.977433406439805 0.036671779522984 
0.871530757449383 0.736387217623499 
0.784341797495824 0.123227519914240 
0.246380117255594 0.509960384102883 
0.566699299526559 0.496487648147229 
0.884287659277740 0.239241835771949 
0.897166980544237 0.146105620180572 
0.703554496374078 0.063149999825595 
0.933560662293378 0.083089320988202 
0.850417936879368 0.998116763946150 
0.319081813107871 0.642687785457889 
0.579751474274881 0.191463730169648 
0.117591291255472 0.176240803140764 
0.721482255580504 0.111119718487796 
0.098409239747540 0.230898556476504 
0.321135000546030 0.782794208900302 
0.490789529001331 0.410845568258167 
0.489201108741561 0.546072463189493 
0.665129630051490 0.989639572806783 
0.971570315333932 0.442500202908859 
0.066142474768150 0.000502296162506 
0.462051824849816 0.271577030610736 
0.122629879496248 0.969876025304835 
0.218050175095971 0.554679161255508 
0.789161334084809 0.679286102698418 
0.111750902446628 0.132283897277811 
0.836876674170552 0.341526366922132 
0.851709697807050 0.886469769667130 
0.003794155445155 0.359410806178570 
0.743527769046332 0.128517721377423 
0.639420444859199 0.398811416686089 
0.023335679770738 0.520540277424690 
0.534122518623968 0.852428970587636 
0.494096242743191 0.010417447371995 
0.210635973464861 0.896719323209473 
0.922276880660865 0.150919261369808 
0.073247804200176 0.251625724378712 
0.411230187544329 0.346746810829543 
0.459606229418762 0.441242351172341 
0.757661374813368 0.027324899438921 
0.820773944175841 0.823262744851596 
0.618849246244245 0.478531354992081 
0.967055391607685 0.906041964584954 
0.170827398339022 0.083148978870378 
0.560292484421136 0.504328459100935 
0.821521074823611 0.017678566070151 
0.807737596215318 0.098198386342190 
0.457873633614658 0.032252031867855 
0.618276359644950 0.354450978183532 
0.652286565684994 0.800737067424098 
0.318687284048993 0.145700936514557 
0.231235532086864 0.469725682304382 
0.395788621403272 0.559629822943414 
0.617713731199542 0.457951084738897 
0.629737814409718 0.329335172424146 
0.399193728704469 0.261778484491676 
0.414412259074664 0.835442727175936 
0.644087070153413 0.007766934466449 
0.022714286131774 0.331623408622097 
0.592220768934198 0.759901717578679 
0.067807689591102 0.327383807537532 
0.478638408942961 0.136946980232343 
0.435706927375969 0.125474662167654 
0.415072626358906 0.624471081327863 
0.520303750379698 0.355989393332967 
0.449725421709255 0.076448085152483 
0.678831374782446 0.975200280950429 
0.153530822030826 0.292940600371017 
0.443928585039061 0.604407529915206 
0.339864275746361 0.233220340032717 
0.177881942796795 0.272551650633233 
0.814701988657701 0.377785286190089 
0.535286964010964 0.596067828809393 
0.375522315801334 0.988082476998661 
0.312284255929445 0.180435932483296 
0.629780579035519 0.529348483945213 
0.003689811372894 0.560107432426867 
0.587577568876461 0.319830128508469 
0.663753396916148 0.306966533143023 
0.398181360640052 0.548750088317029 
0.471942517265047 0.032209714326657 
0.046350677677905 0.165733363647495 
0.742063921187781 0.882504072343609 
0.301947626758915 0.786012322895221 
0.981198231760442 0.788511788364187 
0.725116066673039 0.678579534997715 
0.004337927870197 0.162344422952782 
0.069341699021112 0.108558902201950 
0.041282265206302 0.960237127309670 
0.995998239473243 0.790417845629117 
0.234257440864789 0.027709969339608 
0.616523718761019 0.975243935605965 
0.917893947307561 0.426709446232301 
0.012159646426032 0.743161796165803 
0.597607327483399 0.007700352973829 
0.546225071105775 0.401067010614272 
0.598092330750980 0.834404367299566 
0.480186311705907 0.496205794814130 
0.940555105045802 0.194858843792076 
0.132322729795666 0.847730449718678 
0.125471458341367 0.839694745616311 
0.576577338412838 0.171212216965514 
0.147073691550022 0.777010837216437 
0.669220680361956 0.325195096327717 
0.246432376660502 0.422946135499957 
0.012244890749719 0.944225010996705 
0.621913696692883 0.158030443994360 
0.314944732023510 0.239391003940881 
0.558956981920944 0.371618716400786 
0.498930436511552 0.045266367848153 
0.215530929371444 0.890191650393636 
0.806857062191158 0.771239019017211 
0.605291126894437 0.280031718279414 
0.121443916012944 0.775572469046894 
0.157376097922312 0.890760082976662 
0.678896394159215 0.822139743453890 
0.599942186345830 0.663446658199795 
0.369631881456990 0.702624644490053 
0.813952356877761 0.665481892740640 
0.859250591457377 0.811085963984424 
0.734398144773780 0.034125763226019 
0.833980818386703 0.443132126018745 
0.338047177306749 0.511625695990353 
0.777367502387165 0.858554922653357 
0.249974007386153 0.037021749820185 
0.818762043399361 0.694122929264165 
0.525544842720257 0.923234198488892 
0.359210279422592 0.142336627435817 
0.720191815800468 0.992755044256991 
0.376624337610869 0.422298640013688 
0.446225742135252 0.671241298691933 
0.539663908519501 0.460454390894308 
0.234100821905905 0.445535083638892 
0.518540553588299 0.371809749337505 
0.664958784628440 0.281111378567345 
0.170998599318512 0.286333937502097 
0.421943646891829 0.563681521257154 
0.603014556403397 0.300607619197402 
0.119692980314229 0.880656629959772 
0.456296629725010 0.851377304778499 
0.514574911824119 0.490401864123938 
0.158454520458383 0.605529342798599 
0.972654743046079 0.640689072847903 
0.286748899348145 0.040097737304376 
0.878038725567785 0.992481746400346 
0.642619188605978 0.246271857077763 
0.001156952325073 0.281163046398881 
0.111727166884075 0.132971970126531 
0.714710942742480 0.004543897159010 
0.893042914049320 0.128411295916587 
0.344426054043407 0.365464881321585 
0.220538754916655 0.682165899453601 
0.872412614762279 0.916532415988064 
0.272346158598926 0.355624142639759 
0.672853543020424 0.355505705786614 
0.564769168229574 0.055290163812026 
0.952901016032905 0.702078258412895 
0.762337305025274 0.011266252343094 
0.096077861089754 0.650273653830459 
0.500119818885075 0.432341670817595 
0.161144213872368 0.235402283872201 
0.510812390028909 0.379466012037995 
0.376303418773619 0.080501972404055 
0.076646252009202 0.290987480972431 
0.586785720690387 0.394412312117127 
0.584958742226547 0.765887895422546 
0.263262230410474 0.582108916003600 
0.756303715361428 0.665347195401634 
0.859205159739656 0.797650145889228 
0.935268856003589 0.328322821826425 
0.017225369960965 0.021066051703701 
0.686706099927927 0.713430072674916 
0.367581564930714 0.272744983394310 
0.823870910314603 0.577261211061501 
0.436469640500811 0.392350781574354 
0.910004342107744 0.378383312200110 
0.487365238572884 0.404029334890070 
0.221181838599109 0.456605344890968 
0.955606046227399 0.865639921368640 
0.135790903326968 0.178707513267030 
0.504564601268556 0.756974038267942 
0.924789589862206 0.164677038607592 
0.631176689334515 0.400399896593500 
0.956936276089135 0.412595695074508 
0.179254233494735 0.627098122868647 
0.404470524340295 0.125677136576383 
0.080925540643154 0.903030476806851 
0.637263871526653 0.311552117787090 
0.139710312131134 0.411010064257742 
0.627248352833427 0.771752708572388 
0.693150116124760 0.148717765715594 
0.849969602539913 0.928447088788529 
0.548579872436749 0.947236752895415 
0.366400808993699 0.045828587428798 
0.672539694469373 0.940652973037014 
0.995692197213925 0.795164225146563 
0.732489808161535 0.424496220237908 
0.748320411497149 0.785359191881278 
0.738906847064701 0.229273274293981 
0.979140847171776 0.634995931773019 
0.716502196757312 0.705070467556535 
0.041135304222912 0.397157029254562 
0.545218221012397 0.164180636305948 
0.573186054191403 0.664944020779147 
0.854822108243692 0.160934612375072 
0.938996836840891 0.483454231659155 
0.131330668544727 0.301395443537374 
0.749320212689746 0.273081089949201 
0.999163940800769 0.370298779767836 
0.845939672766009 0.329353036056438 
0.979839490482357 0.438600557196402 
0.603394052171099 0.106129384666483 
0.896182896129773 0.272218633044280 
0.913221019825100 0.411821912037315 
0.490444685930774 0.801032530486721 
0.755535112165271 0.852413036886354 
0.755377436487751 0.626931187129259 
0.834045135672934 0.340393106111657 
0.939241253149736 0.550675932280407 
0.353154798435484 0.255340174522439 
0.178869373690396 0.879571806615375 
0.649579263719183 0.889718343606599 
0.239340469423977 0.841417256745503 
0.055949827903141 0.142571085413157 
0.894467528846623 0.774928934938996 
0.070167337867345 0.034138509124992 
0.069227665878355 0.892814423350208 
0.631804767531608 0.506028564156359 
0.983421382151004 0.320892642920892 
0.065647768289613 0.144423770990596 
0.185263223899963 0.805138352228003 
0.042501556572535 0.917906946354186 
0.544270882465690 0.948253163143456 
0.728681341064917 0.756840469820215 
0.984732763595826 0.088342760886633 
0.148142471547666 0.817835787192549 
0.984198783863831 0.964505967792037 
0.664995774872107 0.574700752361608 
0.635853139189997 0.127618331969130 
0.409192639436537 0.456354606940980 
0.379291522403955 0.649319206255067 
0.414452930312618 0.612551486804244 
0.341139906314865 0.058187763128253 
0.215048685102864 0.529855055178016 
0.595115186571832 0.589320291078499 
0.656845028790063 0.643158612065052 
0.550543211376612 0.771997573051050 
0.718039044735319 0.792146342633162 
0.109012587208684 0.099857247403575 
0.206326167093732 0.357442987869680 
0.190757685993244 0.028963390761741 
0.301763164634841 0.177800776738330 
0.725527749394283 0.831391636835175 
0.048385357953588 0.897524322814505 
0.227113170025281 0.895424520283261 
0.062675035167796 0.222435048614130 
0.626364271688052 0.908179065750533 
0.923267226251533 0.673029180174676 
0.124451987758537 0.982464276817652 
0.933817571411994 0.815083980924046 
0.446283361106655 0.196893410992741 
0.209746747618728 0.620819392774279 
0.023399608209674 0.206752311208740 
0.329614311044378 0.567822794103774 
0.316348250011494 0.552851272147742 
0.113164360269422 0.318297221960029 
0.698434317256403 0.046565202780438 
0.440624367302726 0.337794026704096 
0.065921004450288 0.141492686491653 
0.411627367414500 0.610443212014963 
0.614162605903150 0.515641455357744 
0.557167055416110 0.686795666543432 
0.024818035245389 0.182774504048435 
0.264284296381318 0.660743544440132 
0.646206386671801 0.327527198915503 
0.050722376205587 0.313586457045099 
0.117030462934023 0.716132615306944 
0.835578094530138 0.586162433658816 
0.283108213437117 0.973068977531165 
0.892013618787702 0.744064764092073 
0.187415849018790 0.233669183168206 
0.739384716335032 0.086316539934623 
0.375660907269083 0.683709605711644 
0.834678348038657 0.814477273248080 
0.752767168962143 0.279221272837632 
0.556943108379428 0.727006874002771 
0.750067592238412 0.503243615331533 
0.643434076004617 0.732813627006331 
0.618665606438400 0.360967172794048 
0.932483064677774 0.788265370371578 
0.251338744913167 0.940688431714992 
0.995644726453834 0.753543428376923 
0.053523305047311 0.775226435471819 
0.000456921820609 0.837071387726647 
0.033332134842836 0.926927391316611 
0.935194303514751 0.750851713023633 
0.461222172715024 0.189110042546622 
0.148281663212049 0.434895186734876 
0.161842192702603 0.047781149315499 
0.007573866145195 0.225529338612880 
0.743755284768390 0.079676999132656 
0.368497439149884 0.640224172672007 
0.847144914362151 0.276163403313408 
0.455088226827409 0.530674207321056 
0.795276884050891 0.377253351999907 
0.704248885752788 0.216228379476151 
0.872404532077921 0.675977503802857 
0.101088379376461 0.351359971328681 
0.818967352702814 0.910570301197684 
0.541995435749332 0.703721273223637 
0.034348411250474 0.800409840343176 
0.802136260521323 0.723428144698172 
0.408119340238428 0.501377169225075 
0.755356817868810 0.769572329277879 
0.662615964361613 0.757276656066831 
0.597007693683946 0.126560010693341 
0.582851444894551 0.806185919486260 
0.954000213520042 0.490727364250061 
0.534188480117156 0.164080246509145 
0.931440097263892 0.436784672620529 
0.223855401915274 0.252803085028890 
0.341475006727833 0.483993203682209 
0.749305547651330 0.465430711096070 
0.587530962316034 0.773579242368702 
0.594583406715195 0.669305642841266 
0.935901603463845 0.041742659140872 
0.385274564036730 0.335490070099883 
0.196693599972504 0.526717671190611 
0.893281444629586 0.453117089587303 
0.157420517111882 0.683696134861647 
0.994579668057491 0.138094207592288 
0.465076156045822 0.098024298858740 
0.026275262644391 0.377839650557996 
0.036307995038657 0.784936262315873 
0.263696089300712 0.667209520260044 
0.490350191998695 0.143188484177101 
0.043914906968551 0.385499183192156 
0.545664256350185 0.190311547563606 
0.399016486491783 0.640380172196854 
0.798775418313313 0.348796534543634 
0.930584081861969 0.961859012418947 
0.812580906377507 0.975385601127549 
0.056295211974593 0.667822425754681 
0.981446186541605 0.029737081477435 
0.690181020991374 0.942458715282624 
0.211693456410852 0.764087823493331 
0.880016904898909 0.669822164635091 
0.058626691147753 0.082136306070085 
0.918476553032711 0.847034367773457 
0.595025521676541 0.263222212828376 
0.969095774699001 0.965091758928807 
0.951080584281964 0.076979273034013 
0.303755896330129 0.089976383083969 
0.162030559020493 0.923990145673004 
0.835311522940388 0.502742812967168 
0.687301574617192 0.529573337722909 
0.747150438024883 0.664480999729054 
0.723737754545549 0.890683745041927 
0.670888510987938 0.960530908440785 
0.225551108268587 0.630010369084858 
0.044065712089276 0.148052271455411 
0.364908153634485 0.646705709041555 
0.991624054516970 0.682028354657855 
0.019609442157022 0.969783462350565 
0.318111749722552 0.127009939376045 
0.758107278527458 0.018072221891832 
0.971972489573500 0.675381676795613 
0.707146364298693 0.049714936571423 
0.648942247511875 0.387660254322086 
0.633600437644478 0.444554947117882 
0.038490853952373 0.146309608148239 
0.549617774524583 0.604351477074281 
0.585408510748466 0.471785480024975 
0.158977098481520 0.678618464029895 
0.538052821148833 0.287998190564809 
0.502594387562356 0.027982867770396 
0.485434729060736 0.444108526723090 
0.232410580424932 0.322309303718696 
0.547236797707518 0.300549069455590 
0.045428824138555 0.437440449056909 
0.874020593908569 0.969388930093579 
0.943459104036625 0.862252968037171 
0.139294649861062 0.862637192679483 
0.149167314780761 0.156831708995413 
0.260777733144183 0.046806453740131 
0.705314669221535 0.112915050542112 
0.675107290657255 0.528034394571697 
0.011612393736284 0.659367061549580 
0.108405875326185 0.999288522686868 
0.812406044699014 0.228282805613732 
0.934533258190838 0.769654679543683 
0.438442457509770 0.251435227016976 
0.893515509564901 0.565437713955033 
0.427261707890272 0.692123381584961 
0.154556672601052 0.643778051592847 
0.999295049724026 0.034083365294608 
0.451202633210614 0.191715683035998 
0.250539680745220 0.946974907635595 
0.290640680099281 0.297108532790740 
0.337719426431483 0.927058205749954 
0.044782524526161 0.872539595875077 
0.378129854751660 0.572026836547906 
0.067692764237346 0.789323164933169 
0.263905390240475 0.790564629810833 
0.852088184809576 0.135947497333749 
0.099235296164759 0.170045591517765 
0.637048218945281 0.953767674673821 
0.509093746218065 0.929897540263930 
0.809740185942550 0.022488663393004 
0.639339056022341 0.373501956370797 
0.905877709063737 0.268955708083563 
0.270575688308571 0.518103689442180 
0.006793798798409 0.154995420219511 
0.101962208574115 0.630056279729332 
0.855425577978318 0.963527262802957 
0.926186446877780 0.721829516357652 
0.069169907517371 0.246892484807883 
0.113119814053725 0.677558044238415 
0.414484969641987 0.827322962959800 
0.547199857921492 0.565511210474725 
0.226275801149621 0.646700213463192 
0.922380819994411 0.868715536120492 
0.704515925403976 0.451230304208162 
0.088530190376761 0.819063387456324 
0.001222250816416 0.766387835188768 
0.964438246839848 0.755592441838517 
0.722812843306294 0.868458089377619 
0.385147318379762 0.444222467918137 
0.716042956439192 0.491233242507921 
0.135095813611990 0.594087248698141 
0.780127482618002 0.819895368353670 
0.333611433347636 0.384701196677652 
0.253322659428153 0.918845036805034 
0.285577371739248 0.678551791880974 
0.259153849114304 0.116211080326298 
0.887633658399709 0.735310311576531 
0.765640221447172 0.025003855200070 
0.689065414565513 0.666705234521526 
0.510281091716535 0.819350659873604 
0.746568916457637 0.575203851517245 
0.274233002899379 0.103978445073950 
0.483374665564911 0.304999696659933 
0.951020678944880 0.216085916776175 
0.865746974955614 0.000404269254664 
0.348288505974129 0.080973222686194 
0.343667258651972 0.214593886738328 
0.685514246570242 0.806274309468072 
0.167548368677490 0.140763428801607 
0.306269787263101 0.044363430202796 
0.889115804184732 0.648090645999121 
0.210528198652547 0.778483974174201 
0.082130937387411 0.196516077672121 
0.630680850655365 0.595374158189158 
0.577420176047611 0.377195258641973 
0.024341341593212 0.695640860607912 
0.796713627616768 0.779581702458161 
0.537678234946523 0.862859400040098 
0.091084842402826 0.121450073019278 
0.204931879258235 0.363353717880414 
0.342323749759491 0.094771290908202 
0.892934880211896 0.280837487358161 
0.469362448837299 0.178202279276343 
0.273869996645548 0.103574078707988 
0.896913691637951 0.746055005861002 
0.915162956765451 0.476439154708627 
0.489770379636268 0.163960753794544 
0.912322248394389 0.906246501280822 
0.933753629868801 0.203047286752475 
0.358701390577132 0.865924396497933 
0.053086147471600 0.027298242148933 
0.345573897653953 0.181606030614954 
0.094006351949725 0.212865302092504 
0.116574672112749 0.806424476162611 
0.575728165872666 0.743455439139092 
0.462475816489851 0.085778861457466 
0.912390380219144 0.692517395289513 
0.435429196559158 0.401065242964870 
0.643427926131119 0.350802589404189 
0.986221668662532 0.642342307749624 
0.774837845885963 0.886977424867898 
0.183753148704174 0.305128034625556 
0.430099961644077 0.239315740875752 
0.262862127517236 0.132500798325612 
0.737053162720389 0.828101425389298 
0.864786411401944 0.130904477552794 
0.635815837413907 0.851222909500646 
0.483962080787638 0.476533549366132 
0.082878881547676 0.379542765794279 
0.315526607750775 0.298901366039503 
0.947788421049238 0.203977280037208 
0.409807090764992 0.579170581130439 
0.751374782586396 0.402822238926003 
0.283237718661246 0.433051865132869 
0.278272561226667 0.895713126040113 
0.909565560823856 0.861553273378481 
0.011516862444589 0.829708968379804 
0.320867140072425 0.647589330307663 
0.283288586420010 0.503340985241052 
0.884812571282397 0.452435493707366 
0.013421892835781 0.676068782507086 
0.692778046177127 0.323239996097087 
0.916074816911772 0.533438123618087 
0.392821857940087 0.761281888094584 
0.095004379191556 0.282336053476168 
0.232202513132098 0.220390670350820 
0.019175286826847 0.336090802009027 
0.036032157041121 0.405919122003049 
0.972971663287922 0.315765241436565 
0.341822485680895 0.026887932143131 
0.209069025665326 0.641844356209948 
0.934093995125602 0.717396966814207 
0.197063916105757 0.319618715384035 
0.578884152924058 0.688124813538523 
0.557247014118025 0.631917507556640 
0.844903363583649 0.294714699569296 
0.496444697987350 0.844446487275838 
0.516252405882412 0.117071291874421 
0.821643245598006 0.701836981985347 
0.251028483034338 0.332069807642547 
0.897148914265712 0.446614900380142 
0.820811457178153 0.131905027253794 
0.232325956117641 0.328648921625799 
0.477935821673177 0.691284741997916 
0.739494014792024 0.089239737045645 
0.740617870796466 0.718898336631086 
0.085355342185773 0.701863025361871 
0.160421758974511 0.942068181661892 
0.974360900459456 0.730680615512000 
0.442212313220332 0.968217757227974 
0.648714254037626 0.028286133380868 
0.623655962035022 0.842767037351714 
0.367250571413218 0.135752550729059 
0.889496236648348 0.280292540839600 
0.134217446264536 0.670900901574123 
0.995242947901113 0.984265411022402 
0.489023076902656 0.194811019814269 
0.205579798137665 0.690408170997479 
0.739306640565954 0.531946332963987 
0.114707817209940 0.569686761623640 
0.622224719508838 0.285866965909820 
0.709007113623140 0.409181281802641 
0.012636558007712 0.340356191999489 
0.556812744245607 0.552555590687497 
0.961909976845905 0.464887656385757 
0.065765292215842 0.926572077845786 
0.047359153157242 0.753711525003364 
0.335110067179234 0.606074830982792 
0.739864175426033 0.519439970711691 
0.248483431688400 0.277090775589030 
0.256011512953551 0.434863618086553 
0.102138645550824 0.646175169900680 
0.151133491544972 0.170832100998554 
0.244227685274199 0.313853964460360 
0.730914227999555 0.513383682868065 
0.912669395816853 0.880992662170648 
0.211768097811170 0.959910173477804 
0.702298901062882 0.089147400584791 
0.443986153619993 0.091995310743689 
0.866406441053505 0.609430736911612 
0.926685112131851 0.601665751567784 
0.963438877063941 0.689151362371335 
0.789882003294052 0.708146202108277 
0.196550106014448 0.241463005771369 
0.396557398747038 0.843810780948703 
0.161851606560976 0.120484998923395 
0.226358773762332 0.910875278330291 
0.620627888159273 0.262833014412011 
0.742634393837158 0.114475885141877 
0.341445638784796 0.096225480116734 
0.015777794594573 0.363131451915373 
0.019999866819486 0.116807157830010 
0.978401459780637 0.494188683773415 
0.777703936978534 0.819058789094544 
0.321647753317245 0.129700244613986 
0.764444614062936 0.225637177440100 
0.206983709619119 0.797287945160435 
0.946587485542797 0.109217943672044 
0.164115988076332 0.060894685372092 
0.248231883159088 0.624388303949451 
0.773200887763110 0.797930074036634 
0.831878678156746 0.474865167025165 
0.988313480890789 0.432166521417721 
0.454088443679789 0.929789367093710 
0.249179211242763 0.885844185639574 
0.512371103641589 0.972574040024894 
0.849460090963386 0.249794152030648 
0.611463152873451 0.616761226834065 
0.382426705382572 0.686991916799191 
0.220311485790879 0.955568073635465 
0.468636556339738 0.882803385343276 
0.265497714303670 0.825279496909602 
0.385278094666848 0.434288381712101 
0.312500729210231 0.057371920002478 
0.663128916763150 0.931277494775144 
0.323109116532661 0.170228205916764 
0.194615656014893 0.123540117567408 
0.845459432510096 0.008531340274167 
0.905252206391066 0.491212504085813 
0.892590135785309 0.276900255051466 
0.580772072881006 0.739756986502118 
0.696065022059863 0.134058304244092 
0.013559255485229 0.226074349011918 
0.983134379661937 0.014801176124649 
0.234521838959255 0.088993513973422 
0.419065979405636 0.629257496320670 
0.230340995255950 0.905213717813244 
0.380691592733943 0.652412399164119 
0.211067138149458 0.020876413959117 
0.282879995185006 0.961590282536851 
0.189324604161491 0.319295255946527 
0.266559946959548 0.405570108530350 
0.359924622904421 0.076974414372779 
0.175082036731218 0.996232673875682 
0.527475629072620 0.732897004247077 
0.395121432634582 0.102116276838708 
0.619619472100296 0.850166544509084 
0.318988394790244 0.692983362976792 
0.144810248240016 0.284436703682838 
0.897126424615041 0.935477724647789 
0.306092606657730 0.590165303379700 
0.992743449051816 0.472177929915300 
0.366124263959982 0.993580798808090 
0.024933934407118 0.529829698348766 
0.773727764430630 0.840350684490632 
0.692315046554565 0.597265927417535 
0.508544567193047 0.286292691025024 
0.406113630312011 0.789500313404344 
0.077904171029183 0.141071736691758 
0.429804629169301 0.171706576126592 
0.608809863196608 0.197676438858835 
0.621815949956702 0.255271811479839 
0.517981679457302 0.084571435483768 
0.108478816333862 0.597839713226917 
0.314186512184885 0.662772106177287 
0.176316469354399 0.940235045670195 
0.189623958768965 0.256691492259182 
0.165928333374392 0.595388000712423 
0.190925879196572 0.555458933208645 
0.174140904979895 0.867853507443912 
0.925366567370693 0.850513136632968 
0.926760507298770 0.127246760935828 
0.954169501668886 0.385622806960410 
0.271176935355278 0.784893167946667 
0.252335766846128 0.987090149162161 
0.356231913301016 0.830217617087089 
0.373208193226899 0.814743974924761 
0.716179017465572 0.771873948096695 
0.246024472345702 0.028430470182638 
0.156227118190924 0.798342403096172 
0.856001414538598 0.400061620234166 
0.549072555863098 0.723699842623362 
0.409031664803927 0.417882624809553 
0.394989738909302 0.816493081023765 
0.966863230910252 0.227471160196677 
0.272463696637673 0.923123221908349 
0.953671340652343 0.833083133367394 
0.112012455247062 0.391874704129884 
0.381220911801024 0.343310804417986 
0.562760843341131 0.179699986603579 
0.117357391345871 0.686621199450224 
0.589491710640799 0.181096753902052 
0.031352529184328 0.145193539913570 
0.837314293703143 0.256891583173074 
0.389670570326994 0.259577001340272 
0.231753807218329 0.660470015892868 
0.447009945210992 0.142040654734894 
0.743980205985531 0.559970398870651 
0.780013902492619 0.003089692720904 
0.244058270527862 0.137184434407348 
0.544833210825591 0.743473332591459 
0.889515047942893 0.307384536850076 
0.504762656535132 0.793111430961577 
0.552185018760910 0.449024820317221 
0.370462624229989 0.988718288431632 
0.373207012908214 0.658238273852759 
0.722815272475400 0.173503859285764 
0.654211472672949 0.950280306527979 
0.547255044540164 0.375183925309974 
0.942150280299816 0.518544536445712 
0.198451267901694 0.872632817207067 
0.345885731229987 0.631503821878826 
0.435510180539120 0.196862960152264 
0.834568895640929 0.998905690804291 
0.020402761101437 0.128618160029925 
0.511002418571635 0.470778170905328 
0.256113606334155 0.052718185010462 
0.627595871716789 0.746278616933987 
0.756045403631760 0.608394379843749 
0.418186917536904 0.364144342044395 
0.682502365382336 0.435207244363564 
0.655914382818081 0.622480697601921 
0.669615278559377 0.955738633135407 
0.215494871014818 0.232848981888688 
0.654859683724429 0.559102849187442 
0.817666929367096 0.452092566212422 
0.883357951796538 0.253422247428500 
0.564232614211975 0.155066814532269 
0.420444914661473 0.840764747933886 
0.834038696674949 0.812414340754912 
0.610515867685116 0.934642096007519 
0.603405173230009 0.619754429524530 
0.053964915339271 0.688019405755342 
0.278921767437146 0.088131091200914 
0.839060373113152 0.928887816277772 
0.686197977332819 0.250291731564279 
0.961893357454594 0.510804032490544 
0.945065808218845 0.263344155719698 
0.095074643272272 0.077401610996463 
0.579898391305291 0.595567050767922 
0.124643777667622 0.112730992703927 
0.363122105603938 0.173624433069006 
0.164693711383935 0.103386257748518 
0.070663565460667 0.836162676030204 
0.080503130704709 0.873728679500457 
0.539986803227275 0.190743797143775 
0.903507882953507 0.672118162760095 
0.164540657544229 0.503296355826027 
0.905231687988915 0.383915682620892 
0.232849582064829 0.562741126117760 
0.512335803935327 0.326121315391363 
0.326145782529417 0.558175715236318 
0.691235798913231 0.438863669437449 
0.325354447314399 0.881978905896458 
0.908273396312560 0.330558569619569 
0.446407856312752 0.429421349613313 
0.280219528957292 0.556406040322882 
0.122278320349266 0.403846967371458 
0.069924833617430 0.713996444130087 
0.480783726556600 0.856214999775834 
0.253221669410771 0.425148022882102 
0.629134046923337 0.188769324645204 
0.485722105171775 0.039699710864277 
0.949350555520457 0.634829202449291 
0.431944214860611 0.944834782231610 
0.133104019299085 0.290170472550613 
0.084238961593894 0.692612060499420 
