0.824019441827561 0.708366352210524
0.358577521190860 0.902161149864591
0.247933211453011 0.308137026349255
0.710867290338096 0.083900763545678
0.401836300987262 0.642520252336901
0.321019091278885 0.830883279732892
0.091625586491447 0.830568001302316
0.449699042053775 0.822625383880150
0.777929142267851 0.910298983156913
0.761350742166370 0.335016945792770
0.832237661692140 0.866804917263377
0.165149108982779 0.819531522263385
0.070201536229624 0.306182447592968
0.780607806150816 0.684857024609231
0.734853124673140 0.180716231192946
0.488198362759873 0.134126486193405
0.654272550177442 0.405309769478031
0.655221129395437 0.048624438414009
0.256222056428256 0.295980885212709
0.663301557816681 0.202788919529550
0.486533006621918 0.508308180349493
0.806267823637667 0.545525758102922
0.448536206768559 0.557036559782780
0.975798579203780 0.889295410493559
0.757585057132901 0.057618594249527
0.307112999354041 0.111129667405114
0.187728133583992 0.546290320939591
0.618107090377476 0.888679510900181
0.176846139569873 0.107349097307065
0.042724003782809 0.069591501029499
0.152075484388625 0.064622592209001
0.732978463843160 0.003954858122419
0.439098971544498 0.678687284578614
0.883938124686841 0.557257401144544
0.726891761943051 0.132215936877441
0.622097808388820 0.065232932731242
0.673768402230809 0.082903259518915
0.489965216202990 0.192178835610118
0.261084785362226 0.716739767500166
0.358309461710554 0.510767299777062
0.927706663619533 0.543973833677885
0.602406542936568 0.634069238384390
0.351363942633087 0.145922237361448
0.289749231550244 0.899455350940533
0.982268133904690 0.702859972962857
0.944070695150084 0.929233627283202
0.079877766325231 0.411540572326806
0.174164776498949 0.874328747319477
0.055454908229820 0.835467886501510
0.085868549207736 0.785002803052714
0.381062891166074 0.821861209560814
0.931704999804274 0.346563974960252
0.189914445944153 0.866325796993938
0.895067641837070 0.168202947679850
0.963485634691131 0.709560755681436
0.254460078303263 0.919544086240497
0.377570492738530 0.510007198371175
0.428188044127998 0.872192382363521
0.462457580015803 0.152159302187761
0.561033111577773 0.822503046662164
0.721668584064299 0.122331797733021
0.381820275193940 0.946996250917095
0.749206260378280 0.911997013874563
0.034424946398659 0.873283708007690
0.187017231347440 0.093375714792282
0.464647065743816 0.137070702760579
0.572382376654019 0.052785610026929
0.731513109401665 0.239740924275773
0.739206373072626 0.864322024039565
0.303949891469252 0.721227780857242
0.957684520831523 0.939765736064767
0.002406142291025 0.019320987811805
0.923583931479162 0.900182683864524
0.749881542603336 0.399252029959583
0.041383037815556 0.580501405846194
0.707954876010697 0.906348373058194
0.184772019690589 0.200423451937746
0.690786297755811 0.119740380696671
0.263523856986502 0.513343175401280
0.973701573100795 0.466551479429693
0.477503915691389 0.179522957749049
0.742848379785177 0.993696391922997
0.096593873727927 0.700590758918572
0.468548318216930 0.788358248980258
0.969563102103426 0.999496823801233
0.427350537484056 0.688410220596331
0.735429047627187 0.133386755206448
0.446425951108494 0.530493104497392
0.887605585033083 0.686418729061358
0.698823691608626 0.946155245142541
0.424146223866419 0.105372560530193
0.039244616559787 0.635406404065475
0.806646798392332 0.612969000694796
0.937368766322153 0.122233136257960
0.345880373500008 0.362137666660247
0.539407441656846 0.228067626766014
0.933994299514108 0.179042471221942
0.768432411993232 0.886898144645064
0.251108087772487 0.583493740407495
0.660168437235639 0.469653716524331
