1
3
100
0.627861759394860 0.692520133746103 0.418658922359900 
0.311363333532079 0.511497459971006 0.067392930196063 
0.099319176957472 0.447074515901531 0.707189973283615 
0.956951561635185 0.307588819234577 0.078122255270263 
0.444371773628804 0.182690113654131 0.610983735969647 
0.364985800070289 0.587388480026855 0.099894759056451 
0.607639984766675 0.904911142548584 0.552319408999145 
0.111925348920325 0.174120875491541 0.325214433230121 
0.148229988648799 0.795246222082403 0.359961092655923 
0.430953613640113 0.809194964738940 0.428937824724826 
0.223900384642952 0.955093995022888 0.473470714039891 
0.176522741237688 0.087423083209903 0.429021126809866 
0.187484057923462 0.903290490200568 0.393134212806665 
0.942229845670974 0.364843486698686 0.628907870707055 
0.598666639292446 0.592245688829945 0.514368361241397 
0.912952580398124 0.311227753907793 0.239311092515857 
0.166170769238810 0.050109577153701 0.173558695172620 
0.775095259460941 0.671112951023981 0.812121401853006 
0.848992692925613 0.490663491755480 0.526503405734589 
0.615185032523008 0.821463414123751 0.286167999745158 
0.889682933983296 0.414339336992457 0.625728111498105 
0.403199070010158 0.981191499948368 0.330489100077256 
0.553734713474960 0.080461605089454 0.150495325882308 
0.001062700446356 0.844975763443162 0.034419177944077 
0.479793673196227 0.911902485486900 0.861836123141936 
0.948773893335022 0.935212248491468 0.515838279389426 
0.775356060594485 0.220126872330828 0.239731045741053 
0.772495886157161 0.842494303830779 0.051891194265699 
0.838482036452644 0.854244317639248 0.442890821337158 
0.614505137624347 0.554591961501647 0.154786669409062 
0.661292480328233 0.397220420179482 0.792534342756952 
0.409751663878558 0.351218927360145 0.065216925380095 
0.435993896824407 0.692743719789667 0.296110198028509 
0.105521222413819 0.908535439576482 0.285661717066456 
0.296111619013550 0.296183634346559 0.217908818975414 
0.938697455517217 0.751815442043180 0.565394627539402 
0.188610034124473 0.833277224683145 0.590693060697803 
0.120697882912046 0.502358055119834 0.640310512774906 
0.187615325878697 0.823184222836907 0.612435833536858 
0.426462261398998 0.267772839617400 0.657527025363479 
0.075383093908684 0.802766030803770 0.648471992525010 
0.805946053803416 0.352317200801464 0.632747585373631 
0.075696603021065 0.272663718127595 0.672198507099729 
0.821329267476401 0.341989405948620 0.225143832294184 
0.120643919660935 0.191137766830992 0.334120863961604 
0.219379711779770 0.720433376079658 0.219439083421224 
0.652177891900414 0.258725327473832 0.903641566977884 
0.456776040246979 0.966118456368813 0.199238958924039 
0.440367060537013 0.777485463963281 0.331502098580990 
0.359236471127429 0.585319637148198 0.222623505763609 
0.273020870634368 0.316726712918427 0.931066103934959 
0.087429281675135 0.562619005105851 0.785629250671197 
0.215523551972543 0.078308564111006 0.268403481115505 
0.150150267964904 0.121328194989760 0.818420610364880 
0.831212207106711 0.706419630840660 0.925997155057434 
0.716303188299520 0.637620232032524 0.911468246506088 
0.714339450812810 0.228571905053569 0.801328503914257 
0.971851987177927 0.748361459077441 0.845581983418437 
0.639293890024480 0.917704136602065 0.504951410308675 
0.708042038394087 0.634623232725469 0.902726001723253 
0.837916297123978 0.622920466440249 0.515168020056172 
0.846600664854485 0.698483817222481 0.388587828458742 
0.444920605168816 0.693542496582016 0.857170937044886 
0.761988644026832 0.224727068612261 0.499171042827437 
0.109959648484317 0.104738951490053 0.829495126591987 
0.277624282432113 0.523009944921800 0.730396491599826 
0.570990837531498 0.041803590575862 0.372678400188776 
0.241752718079818 0.668480509947681 0.751868370983030 
0.571400602458683 0.694847001889655 0.033889426943105 
0.950575648571148 0.535034079406717 0.255504807536621 
0.633812306163139 0.708785874320778 0.643547963262825 
0.124553771303920 0.877624967911172 0.130433348689891 
0.674484070629556 0.899472431456270 0.099110402098603 
0.073485619774957 0.847404024155067 0.213078680570891 
0.348426633031062 0.931893326918816 0.407575049371708 
0.443965834990816 0.391907883651896 0.293258004407829 
0.998437118842260 0.528746407030839 0.029104627185492 
0.037922598264552 0.424932447007590 0.422764748391683 
0.579632005332364 0.977415065607599 0.793567808923069 
0.553791764615191 0.666810116090853 0.443653011797383 
0.430119304092689 0.692315823982417 0.230744263050262 
0.335043150324744 0.422177521121151 0.022396318313601 
0.040406608576931 0.001586275349677 0.111271291916606 
0.838647261354654 0.842445095378003 0.008324673523662 
0.368096153562751 0.217770246817174 0.683859712977688 
0.254946168963788 0.024413523470707 0.217157229637527 
0.876349889654385 0.149084566077513 0.406475041553787 
0.638435996995495 0.532051029445421 0.531833720543288 
0.517366104941674 0.160431641433600 0.593542466388716 
0.836218416768579 0.049451364112421 0.693869785852076 
0.805422658981702 0.522842119264523 0.073144026561840 
0.139248475867411 0.130412189344739 0.181658094886541 
0.944510210348851 0.339657322252525 0.699858515680520 
0.814787102949450 0.701758053354944 0.911923989272865 
0.506681031223474 0.722531135380678 0.979450886137204 
0.812319796619475 0.698208736712497 0.103209527901518 
0.259322773401751 0.947157571381334 0.507026898787053 
0.947170351061212 0.097863225685865 0.873966697153073 
0.569863413798520 0.056306058571232 0.823377950074105 
0.655531546661574 0.627709271671200 0.052629767541306 
