1
3
1000
0.011811199209151 0.700856889046804 0.552103975434953 
0.393992921559426 0.692165131524231 0.884644577237978 
0.582639903768112 0.694382023924079 0.854193059332621 
0.673344460515178 0.748052536713567 0.530006562531178 
0.183671025062199 0.373711605322593 0.193482879099490 
0.660422957576553 0.778456449849628 0.151479305421890 
0.762314850553107 0.418147026650843 0.038526006756436 
0.669608886113605 0.119668991301513 0.507503139339996 
0.786421899154157 0.765641158492727 0.081662393791834 
0.169128382311000 0.858128005290550 0.823453638631649 
0.535474132159915 0.842486165342919 0.889747279431125 
0.956641051177016 0.336233955363279 0.061283613263359 
0.791955151497219 0.113901649368792 0.348976989234858 
0.950475072153239 0.452053750172293 0.741225329992729 
0.367384767285173 0.358573984790003 0.532554251463235 
0.691343637435579 0.985759041567469 0.355283952053464 
0.845565830195281 0.657816237802589 0.626651420671410 
0.551999229093467 0.673871458335131 0.529291767159431 
0.833798465089247 0.461513434216294 0.582421884778312 
0.708895829387166 0.628488679222334 0.903315020454487 
0.718081632466350 0.624362328854441 0.197213920491286 
0.282136481840402 0.330811199039293 0.366438893720373 
0.429434649100658 0.419963677989731 0.266072302126887 
0.636260731417158 0.856515019599346 0.505500705711648 
0.476093976325926 0.956801706467415 0.356360186680291 
0.640124603811245 0.176738766570407 0.409175341558449 
0.583015003427464 0.405653428182636 0.137060619009984 
0.991472456473956 0.456459323450358 0.856790461475149 
0.730246484647798 0.065986246270820 0.205062658924140 
0.349895690585308 0.797486339879785 0.260089819589277 
0.391636373494858 0.659775744082352 0.080417000189498 
0.616695048658174 0.073749015034353 0.907471624333985 
0.963137319962966 0.752135724757840 0.749946495379644 
0.924563371840365 0.531393510092647 0.272482287817467 
0.025745584321142 0.813299192469038 0.504384960162508 
0.723708882579609 0.996745604835194 0.626896214318151 
0.423742736117361 0.906798466239361 0.190930055848446 
0.290648774052660 0.594584196668946 0.475784845602046 
0.538206015186062 0.112019318764111 0.665148841249710 
0.354895029548161 0.242456064007904 0.486675829134928 
0.404372256168344 0.660369505820264 0.619854126598588 
0.697479389541862 0.190856029283950 0.493201572620816 
0.936922722924481 0.024713587710404 0.962044036875836 
0.180951597482571 0.032786205821623 0.738387501219590 
0.889015814350775 0.289955415739553 0.042300796992775 
0.927232410165379 0.840160469062557 0.003660864808735 
0.850218808459847 0.534051582917035 0.776095412779602 
0.268489906774334 0.001271353641057 0.413371948900553 
0.578545914445880 0.445538125819881 0.667029758794562 
0.704884723501130 0.457503400483856 0.074587675006092 
0.927633239883692 0.324952155132200 0.003831159276491 
0.756323258587985 0.064946201938644 0.918495544661712 
0.158588872190429 0.089305170235180 0.783435713046717 
0.184869625635071 0.855697784820707 0.060167646577697 
0.276035874308529 0.093867026734443 0.861170461769122 
0.278674332806394 0.834492410765045 0.141785489892287 
0.379980850051198 0.973677072135543 0.267157771923787 
0.462530041752932 0.330751273718724 0.721688376395508 
0.731932819272703 0.305010952435841 0.798785320067217 
0.466691557546340 0.718028667990972 0.115637553914130 
0.069576241527723 0.507977193912555 0.817447834866511 
0.223496951613308 0.817773167606927 0.782208075656645 
0.615561473017774 0.915846077215094 0.480687881009940 
0.946579092695310 0.499885048573403 0.512833937805648 
0.580777095262996 0.481852785947274 0.437131911265922 
0.902910596314347 0.778136946882472 0.277214928141760 
0.800850773584865 0.884168299386946 0.731897038354220 
0.933308755307600 0.145429558942909 0.571898936878925 
0.428504102247279 0.325470917271912 0.416974408235800 
0.078941491605033 0.495235984660248 0.806105379809427 
0.467549799897387 0.652932082042960 0.158888759066521 
0.793296521742702 0.896491699605891 0.463358046496532 
0.932431129411120 0.392176129834810 0.180982528151455 
0.271356756515023 0.816521683580708 0.126223286925575 
0.777803223227064 0.286489077808836 0.788136700573003 
0.817590290963234 0.379154249892250 0.617256096957254 
0.615157040472025 0.148711346945465 0.787664010675793 
0.855917034359458 0.583614688888702 0.461865613545182 
0.939179496212440 0.503205259164700 0.553400924207332 
0.909029474840171 0.446660946007647 0.134828427563966 
0.868589750659084 0.151267476312256 0.664478191771445 
0.439177728513848 0.040131716087054 0.425075171672018 
0.679633959670365 0.514460413222823 0.791524525174580 
0.942501320488708 0.824914704402490 0.103508729723348 
0.012169293082724 0.272540860015309 0.278697260873249 
0.765807632923371 0.398471552826520 0.563204250327173 
0.067115332595996 0.338822240003384 0.079348941079465 
0.206832608596238 0.316516972325291 0.424495768841989 
0.320658207170806 0.825642400071279 0.917620231555916 
0.051827264029228 0.482156216295201 0.260147446058184 
0.857501400869249 0.112727449892858 0.760960745017310 
0.580019836608061 0.351525975965980 0.645890403806639 
0.897079181187595 0.005115742783127 0.564560017351427 
0.552207611208883 0.939423671750650 0.023805843681986 
0.149275155043203 0.865290195600138 0.374834146861785 
0.926414636785715 0.049087774135164 0.271953788439008 
0.407980905935355 0.433486230273684 0.014249220367388 
0.180060105430783 0.946621236531217 0.091759049665943 
0.061830408914685 0.264898024164373 0.894534828652345 
0.635145397256458 0.673820721293649 0.090325930985961 
0.683565879692910 0.563676246285246 0.872287787920413 
0.097186575722718 0.586549396145945 0.780285214715598 
0.436521364503515 0.979044240677503 0.244502782537434 
0.243470491602530 0.434310691303237 0.224083528048773 
0.014313736504494 0.243286780941920 0.927981935644100 
0.392047858460952 0.197258134077651 0.088783765785537 
0.185547996931278 0.516384776491515 0.944032416404322 
0.706921763685055 0.978300556863803 0.874304749480814 
0.648587018199613 0.896158979275357 0.578399970860475 
0.251248356556166 0.940898657079151 0.752319089204093 
0.883495355446923 0.741296590826104 0.967921351535384 
0.090011879887471 0.690134359942192 0.071347712191689 
0.512306529082491 0.519793597744740 0.513697771486500 
0.414423091888364 0.640085622835008 0.209417937164959 
0.509821225797162 0.666253797615251 0.991358784984691 
0.256942602343940 0.990743049184330 0.199338519969839 
0.532135746286794 0.034120269407383 0.749742910145193 
0.179952552140367 0.570826143505386 0.820416977041691 
0.907813789540192 0.636126711700804 0.109477954285860 
0.541165218965932 0.278935242083273 0.598403873968185 
0.147714736377064 0.447772629444642 0.313792982359363 
0.800220467120191 0.386423645597132 0.133571529469653 
0.526516548664876 0.621048237527845 0.888597464385270 
0.365808857061298 0.934982834924703 0.182972046562777 
0.646336436409906 0.832439320791407 0.452460363306256 
0.770167370898026 0.675865832320129 0.051799777629581 
0.356845494887430 0.030780704459960 0.216528008233008 
0.373905567927011 0.933468222009179 0.742005339061290 
0.845058612781748 0.214025101888559 0.138422066679251 
0.271683570415469 0.833058351927136 0.402351691000351 
0.661598866608984 0.253555846026301 0.873423141164369 
0.808006416663334 0.082086056252878 0.408316221444970 
0.380597366901887 0.201270029623141 0.903310133278699 
0.888922556054954 0.929865986642605 0.654855224363192 
0.131287531694873 0.006149114179866 0.042503615939705 
0.653195322912186 0.716569391012701 0.699158179974260 
0.446449017551469 0.478139316543919 0.618944335683537 
0.655906153869044 0.146276680584217 0.370107126477197 
0.473689471422301 0.559489104458277 0.121586942881858 
0.425673094335031 0.839136391466627 0.539071561528280 
0.239539148523178 0.185709861376743 0.787545619290637 
0.537831213402397 0.015102966681392 0.392638703955479 
0.164759535189154 0.975391561940210 0.181704849266839 
0.450996553015252 0.188830189152411 0.778503642022370 
0.645298555125870 0.712443980098178 0.183795191917548 
0.581276658973816 0.286489213089781 0.824502470690896 
0.152001250645189 0.655046626890427 0.248193498565843 
0.031723357601771 0.576851814100360 0.918011400905942 
0.800418198173674 0.498654912031798 0.317581120092669 
0.196049246317161 0.609092842008277 0.435888079466095 
0.708634660582117 0.758677126542299 0.252492100503244 
0.053625469690268 0.008461331243902 0.037894175416426 
0.126636486358165 0.141632152202409 0.156000125483151 
0.352694751282675 0.460160266769826 0.380091061785400 
0.387870293596883 0.408324706369507 0.019488145638798 
0.322799862484796 0.645250561762651 0.316893061576072 
0.226763121692343 0.362309787792262 0.856659577535789 
0.894741106071790 0.835819604076583 0.886021686073395 
0.121326307966675 0.032009360843633 0.015597850385023 
0.262918032929041 0.537565573899173 0.001132090669380 
0.675746697498786 0.262524097502080 0.921550795923134 
0.673528449405160 0.135763722498634 0.000855009400237 
0.944102191536912 0.747547796264908 0.786873134293442 
0.532520312666921 0.276585246719818 0.255766252495842 
0.224943465819760 0.763820941480444 0.181741452231941 
0.816020569192378 0.443098558028079 0.448587733578351 
0.611248914683850 0.318104190667729 0.064277026232171 
0.646675358468289 0.279037758303259 0.996839694369936 
0.266846929723589 0.174438330201271 0.367861498457363 
0.132280852531713 0.010483756646399 0.257181292713131 
0.496352222879671 0.939086407482187 0.404871684033955 
0.805488481154635 0.324763671437195 0.559647011980487 
0.580389438856760 0.480502241624858 0.709833545965913 
0.459335480864285 0.217793655371783 0.987634351732569 
0.632672060100749 0.937290154967483 0.973014337394137 
0.843857519506046 0.218311237694747 0.912429363760969 
0.393528325087893 0.200639114951733 0.041525047168928 
0.621935027368831 0.564378562673917 0.172742820863908 
0.570757947558171 0.378231561713541 0.644758318689703 
0.522538131339857 0.040475392852139 0.070526212541141 
0.660180920155624 0.480121717898828 0.261976589252594 
0.668265109088095 0.400607681854901 0.941468549632385 
0.883686282098290 0.586399183046937 0.041507530264236 
0.279994861672872 0.394169161492181 0.406142633233481 
0.152674020687342 0.531329436641560 0.724586679330065 
0.109945887314611 0.088726596955401 0.766752676710278 
0.652042857567663 0.685694110151455 0.365574789102510 
0.057678727101528 0.331242397424720 0.682681233748310 
0.518725319101903 0.551718013059520 0.189110222443776 
0.060698683507649 0.112163980152827 0.830273258215996 
0.105499351019549 0.463616808726150 0.020645404539980 
0.898285149065967 0.272839315251071 0.870126654316385 
0.843575541433051 0.868658082854469 0.378554767596920 
0.426847796121366 0.325273411920821 0.647061020288879 
0.786310196381025 0.152798109985512 0.954249689419666 
0.697211363376502 0.205612997795392 0.119259665752802 
0.493242074732069 0.272415343483233 0.934034166426759 
0.655364158493256 0.052098226817662 0.336051077282902 
0.132282078380390 0.107260695256897 0.457198884788713 
0.761845503629541 0.749591621692864 0.687517243833856 
0.093965522056356 0.304209844123889 0.655367219934408 
0.991446617116091 0.103098231119214 0.259562761173448 
0.252745229188144 0.828336724570799 0.796540994237317 
0.701483993104447 0.350717484458919 0.118103656501477 
0.425773453502646 0.665705803920460 0.353684278374196 
0.737675901061793 0.982879472103414 0.685363218069775 
0.890782011212445 0.366456125004753 0.543944607393802 
0.632588118791216 0.852056741220260 0.576496874359960 
0.774685858927913 0.909447051069775 0.424531959119463 
0.640565066885319 0.609818977494863 0.649385140827403 
0.128445128805280 0.790059370201329 0.790520062110710 
0.739754478833759 0.042404308007744 0.944783832334890 
0.898439622620534 0.156667721708978 0.375942459950767 
0.257869724818597 0.760078731139340 0.315332732188611 
0.298924037186068 0.171677156341892 0.611939160478600 
0.882187957129178 0.469484556785265 0.064296575773161 
0.214709740350089 0.769571744114963 0.015660696960078 
0.981309848626000 0.183854216573820 0.839323833331579 
0.820595005075763 0.393759134170441 0.164315922893970 
0.178630388431000 0.837175690432523 0.400811337948949 
0.118657425482163 0.679588620397000 0.815198837764654 
0.304394529296413 0.920804223310876 0.053380793632767 
0.262616541955964 0.023122302931858 0.651662892991038 
0.340611614145524 0.682161436009795 0.384110392613031 
0.478236559049833 0.441277000342804 0.125614432331305 
0.933829804048544 0.764461239942721 0.180996295802475 
0.890208803023784 0.542928956083609 0.109838401876477 
0.954554100433775 0.745141150460354 0.744996962660560 
0.341041067599200 0.043462041907045 0.420885176018814 
0.445528913722236 0.092021719682958 0.291164327444596 
0.219981793699825 0.364893430400073 0.499752361868620 
0.937676057109428 0.515204913864174 0.337891239381906 
0.715578237487352 0.064856050091217 0.589479433680222 
0.382533253559862 0.386268609156321 0.284181163146273 
0.741654037166881 0.271955336335300 0.994199352663951 
0.010802220445945 0.833207997880636 0.195925817003008 
0.962703685073033 0.910826332707126 0.483198410536597 
0.982191599904207 0.730479043171142 0.883184325445019 
0.932229635876941 0.262946613812591 0.578039670365033 
0.243105668536927 0.190954502538836 0.917996820845568 
0.849555768542115 0.611138147429155 0.464592783301536 
0.103733741260795 0.355022094883085 0.379812530222694 
0.002178781775055 0.185818503299567 0.160549992977750 
0.529467658048249 0.457727274388495 0.933516757559034 
0.678678681998577 0.995414635669339 0.570232481805762 
0.404914562260640 0.955953188745888 0.750533120266984 
0.470392589482401 0.054783673308630 0.321617729205229 
0.260556876965649 0.204177532584897 0.730654377519287 
0.109124882171126 0.993719834561203 0.126835610736479 
0.387692659959584 0.991262785910656 0.222097550985513 
0.665660085647830 0.549267676486141 0.580053727079196 
0.438893700899366 0.575814054334681 0.767634703682400 
0.334179339473061 0.334084662469034 0.220738093822897 
0.597947468715331 0.489539115826006 0.420249801630952 
0.597142019518555 0.888853317573912 0.682650312048375 
0.081078543820993 0.794308650002510 0.514213139460147 
0.171949379830642 0.026960333338300 0.328413561983252 
0.023027622558472 0.078656042050220 0.885226547851053 
0.324792074734969 0.068440066639078 0.866712933280192 
0.927028159828996 0.834560873484523 0.891725125972276 
0.360415604942071 0.738496929411099 0.666728196402693 
0.583462129315548 0.958698538585588 0.980751979049163 
0.992903176386728 0.321630321927681 0.346645199318057 
0.251477217668683 0.638941776495124 0.295152928177040 
0.927640995102239 0.460209905085983 0.416342520112951 
0.561455375390057 0.403690132616818 0.060144053410942 
0.065932903721589 0.657892600206997 0.416768526552220 
0.941166914147423 0.387362863898712 0.389439334438996 
0.930686676317229 0.782010322109183 0.910148810283495 
0.848825906474145 0.080788027100745 0.183813335667115 
0.025488580656326 0.390341856974946 0.547909766166880 
0.963056132455404 0.842793135216826 0.974818110154195 
0.123384508578907 0.568739770367122 0.160858773801959 
0.030837784584364 0.023463227074047 0.706849582859652 
0.850829170080688 0.736014912304433 0.684390916256021 
0.904555296051588 0.636573474797209 0.412218974507569 
0.223468311949517 0.927263724058461 0.727833298167397 
0.549912716636980 0.486784618400627 0.673554916658697 
0.012468061103217 0.829309416948581 0.620907211777282 
0.416196159512171 0.546354410001203 0.389845110831639 
0.403666863693361 0.031842586352724 0.892972237970595 
0.514499951813579 0.148277408156839 0.167697058442017 
0.459436392920252 0.841792454032295 0.855381310565083 
0.130316039855090 0.351709662992861 0.195808992096856 
0.429213533046690 0.649912358460915 0.428959082628095 
0.133420256902101 0.196928019381013 0.572919723543290 
0.175494534494943 0.347875277428293 0.674232524995397 
0.966247955000584 0.728454528640194 0.139252819198330 
0.505829048797173 0.078571946757902 0.900381483454738 
0.264788953242502 0.775758798743853 0.097161483125566 
0.318054520305273 0.615888489244962 0.430602084462781 
0.663172823518029 0.862424903764784 0.333667468470226 
0.387585269639179 0.663987734805945 0.439225741039225 
0.171162525976143 0.009998084932698 0.908098669599969 
0.735803874267526 0.137882162529089 0.023926793281723 
0.906203981963213 0.026948758221755 0.721164129094254 
0.623159440018819 0.131589894566030 0.280969366164760 
0.268842071767147 0.463222033208923 0.813541538933712 
0.786997134437067 0.439013595664006 0.480854723302039 
0.529437778026817 0.275469226133077 0.975241131610155 
0.991840175476475 0.604349812312359 0.035972815354721 
0.449305982421758 0.317946347769178 0.601377206976809 
0.850108127934788 0.028674894784080 0.272848704106254 
0.991618881248450 0.651754206591838 0.772127656804590 
0.197247526671456 0.429590949751057 0.703097841295110 
0.434533306942203 0.874998365688770 0.928067191432377 
0.732013057599876 0.270551646591741 0.584924408984647 
0.625732074056248 0.914854690460148 0.867075444001507 
0.747081797879943 0.771700308987481 0.808456438257273 
0.605518461735580 0.107600082140166 0.012870807330301 
0.336100184505789 0.957592730165972 0.172821793617780 
0.063247310055337 0.714450052871067 0.452008261021835 
0.651316378462407 0.358771753979718 0.771921088315012 
0.814566757008281 0.991445757755122 0.356880551122981 
0.453679184719369 0.480410761464744 0.712509842705490 
0.726908058321510 0.434445251569879 0.404727887311452 
0.119102320483467 0.795625671551868 0.667503433881396 
0.856999381475071 0.161158162203172 0.261618673648091 
0.386789412521611 0.673921248329642 0.656276522683008 
0.372867655313474 0.548661683047978 0.267415263197976 
0.826253230760561 0.473814752547239 0.950935211928664 
0.536685769178390 0.116359872850010 0.071359319103568 
0.298983193288945 0.717068194049932 0.563757036042697 
0.343641847886751 0.302189626475611 0.113453112882731 
0.560531295855903 0.321138582831300 0.478761495438274 
0.612359961092960 0.717196966271704 0.806503827837163 
0.722886302931889 0.844272329156797 0.674105474354892 
0.467760584181331 0.845447075930971 0.876636927307370 
0.131056167194060 0.438854695153292 0.237983592581324 
0.357966698463712 0.069504670149670 0.192251015596891 
0.529315053365993 0.104777728479742 0.127115850603480 
0.410165070904719 0.605216057754102 0.225628973409019 
0.351010369869862 0.074186946547649 0.643764373620382 
0.010322529590029 0.103905356744312 0.017468839971965 
0.882455317047331 0.977361257048455 0.726450939130327 
0.739311248659994 0.677904473919793 0.669050059789502 
0.669416477000176 0.368897053774641 0.044936650888583 
0.011165582602258 0.200981517765232 0.283087132442748 
0.269085861734170 0.312908559379598 0.467238070160736 
0.032604460888416 0.375007554403532 0.272891948246905 
0.638112601075347 0.911598592810933 0.203030745168278 
0.678207118653720 0.106267456319603 0.717495634357235 
0.597054562384503 0.836149431892199 0.223143219309520 
0.991203592515614 0.739220034055992 0.161973400451015 
0.854154658949155 0.302156625151177 0.980264510969333 
0.761087102361704 0.114155242274159 0.948345773231833 
0.609192960186723 0.290384114525474 0.004635778039596 
0.778398313364242 0.881876508673282 0.860950702061735 
0.315725056567796 0.710931098729564 0.285415539015364 
0.253174660262474 0.078911855420687 0.925818049704160 
0.453580937845586 0.255321631292380 0.060508568639880 
0.632675793574417 0.368374024426590 0.507933747052554 
0.271229343790117 0.783785274580740 0.483721602731214 
0.838944037922418 0.233856176051625 0.091831601803410 
0.189549943983316 0.708189833537644 0.798818548017521 
0.237258087324484 0.597957412264618 0.045046862956568 
0.626613712292127 0.205694870583568 0.977932426645919 
0.459195068379676 0.066346038489412 0.282836311280953 
0.291039736127804 0.532066414748938 0.051265627547976 
0.352305431144593 0.187724686063499 0.655313342798784 
0.805037785043645 0.791457885751560 0.512361814748928 
0.672676434149818 0.606576805660336 0.440741804345127 
0.834900363973208 0.402918547312964 0.596628661081382 
0.834144286988491 0.777936250015022 0.974031215889099 
0.625889078502049 0.121418695713255 0.940266306236274 
0.782709456661879 0.442295029152282 0.887201831566156 
0.031457158540746 0.808128606922441 0.094228845459323 
0.377793374375994 0.426688034840295 0.955347268291466 
0.286726407778172 0.483284586688622 0.727102857804578 
0.081198648209147 0.569381807096480 0.190886848564363 
0.068133884899409 0.364322017216345 0.657492610435955 
0.124725330973493 0.856735644642579 0.721024673197268 
0.892091630470269 0.218026230943097 0.338194345653385 
0.039954600441839 0.829862483124879 0.525541027879165 
0.894154767379164 0.111102338912278 0.220537817564737 
0.677214660937016 0.255732775662927 0.258439896155142 
0.177230564383706 0.498518666720064 0.879058860512363 
0.850543753102119 0.174250212711355 0.878534782422339 
0.575323666123781 0.059837941835428 0.617307935743926 
0.053787970689683 0.113374114596355 0.468632150983207 
0.122615293805524 0.093992315318316 0.920134659749843 
0.378918991768566 0.314233519429336 0.525287266420295 
0.192604427887022 0.972933800752475 0.903131392611497 
0.707205592787583 0.704908894028631 0.792768799718059 
0.046761860320135 0.791528530211417 0.344859670832275 
0.359873343918678 0.504568354045320 0.834347803746308 
0.946703570825508 0.139060446426752 0.902684073674929 
0.907068121522727 0.300218660150179 0.466678750429126 
0.500188548759806 0.857747775139611 0.311040970962737 
0.508898975744552 0.209637719957341 0.711089256116428 
0.163082623399353 0.793601967985216 0.266184920284509 
0.563555638802570 0.991128598060716 0.368144972792189 
0.862462236106548 0.229502558081398 0.010175728432920 
0.175322049019949 0.270492690472071 0.824879865562798 
0.267804260485541 0.811123295802199 0.457255945368738 
0.936970944289800 0.186848853521261 0.430436350443065 
0.967130903692796 0.021801616524134 0.847862455315283 
0.200623594236046 0.892291118566649 0.195265098562102 
0.524342822357554 0.367946462967113 0.081229800229492 
0.639672797329889 0.328418526270785 0.698098251123871 
0.345942922659658 0.434355662431310 0.950667302083100 
0.779645098419434 0.319900713404480 0.737104085720150 
0.384966490136812 0.437964583391467 0.791789079648854 
0.892648720157335 0.217751759909772 0.297309943652874 
0.794104324428628 0.225049131917073 0.530787011069924 
0.349917139286610 0.461035974822033 0.982770205693388 
0.717524594520187 0.243611104340966 0.686673872646755 
0.148391239405562 0.545361886705480 0.883156591393268 
0.912427836227371 0.599306323345401 0.609576740965417 
0.855637931203566 0.951649117916366 0.411438658588060 
0.919450787852674 0.136441325116097 0.619794865931735 
0.934905498067635 0.733066021702997 0.509951993509705 
0.080078002971348 0.638734853034884 0.914487204285875 
0.147868079562731 0.237397056711107 0.621148433045434 
0.025518415835209 0.828071850842631 0.217441387824494 
0.112590057073367 0.083949271365952 0.348287792860351 
0.953219358662238 0.260592572819246 0.421182630949091 
0.791296633842934 0.167857990324995 0.978740104457625 
0.354362035119058 0.432263016284595 0.590375056042874 
0.666397065313104 0.451594097464076 0.243773809243268 
0.070225046485811 0.161539033126723 0.013587195585046 
0.150472982182088 0.366773085884910 0.375934573175800 
0.021004673031196 0.412718117558823 0.781451459618605 
0.680091721464533 0.204056953118184 0.777472772021031 
0.473205868115156 0.254796094853126 0.079334363154238 
0.324687587738253 0.251939331870747 0.306732502275528 
0.768607617472735 0.258712751507525 0.880013743806524 
0.257595153250018 0.165301218916925 0.246822790124806 
0.428470416234103 0.759256434572899 0.546569850225250 
0.290724324221286 0.032482405029812 0.661977564555043 
0.042385799942910 0.531955924936338 0.469653494378803 
0.868309112337989 0.467771282322496 0.838378759304297 
0.345129390577144 0.342242958821533 0.900286162306963 
0.496495617041304 0.309089181128804 0.411341533885268 
0.042108250647026 0.843124660368316 0.655036038477826 
0.898984436241176 0.844520064997951 0.209993932283048 
0.851408019371413 0.554536067454030 0.092342238927093 
0.126111002518146 0.044381111138711 0.711152538154947 
0.646830242893281 0.325301806504427 0.336338641889071 
0.094109850396499 0.827778131961390 0.740101446217606 
0.692332282864148 0.226949611263377 0.979049149272763 
0.328218918237358 0.655961781949170 0.938402067365481 
0.606479652418469 0.274086579223626 0.666451891852136 
0.059961362479230 0.603079544822788 0.835544695398235 
0.660306663271053 0.522150841374221 0.983678917817952 
0.864499981579939 0.813772915453747 0.706931034684091 
0.239646926376831 0.820436255985790 0.736445797075114 
0.094366652518161 0.894035941438834 0.916944727642867 
0.161701757056962 0.953583231799917 0.088480164892621 
0.893979846462484 0.196244754086069 0.071207951176045 
0.065404604980042 0.792336302087073 0.488904019448818 
0.284903188515511 0.222576860002019 0.021881749179355 
0.257922827436592 0.895265649512074 0.011761083180733 
0.961368208587646 0.976329145211856 0.866277790372646 
0.329209072828810 0.305185334284119 0.656581027683522 
0.092662359262221 0.202951285478414 0.381206717512969 
0.098530747209271 0.911904832455808 0.520326220081924 
0.703920011405604 0.168853586653164 0.469373007472348 
0.258913242758301 0.098320755653261 0.165438487363027 
0.506876397707177 0.185011245604707 0.832588540487488 
0.586839359173805 0.638172780127631 0.266030922315602 
0.331353391769805 0.174737827590428 0.199342939968368 
0.106646129681448 0.206399269177706 0.926469038641670 
0.317618779471762 0.563275600249830 0.537940943341517 
0.885014129501598 0.929164153936230 0.317443172656732 
0.567148824823911 0.905464895853390 0.094471650429242 
0.595791177555276 0.219386270052569 0.269816778522849 
0.109452852055772 0.412998299433358 0.167662312769095 
0.976048889995990 0.590963375664731 0.683579457368038 
0.467092167639002 0.762800472150069 0.927418265813646 
0.299522456325937 0.143696690558807 0.447555674962943 
0.228317502143332 0.802941806886648 0.504661330780507 
0.954098997819817 0.180914805190726 0.596407652309704 
0.352213781158175 0.484106506349506 0.027928095583332 
0.728333541801646 0.729569044524467 0.648088364430768 
0.217102686286655 0.166783663987606 0.304929228089538 
0.012500594647615 0.141603618610051 0.132286972463417 
0.008314916466243 0.442695305907206 0.789626602435919 
0.498721546533264 0.076043565016261 0.825479887641812 
0.052281917243616 0.491059680591626 0.228959846425698 
0.240407581252937 0.900718796674246 0.909740618133381 
0.313061635628285 0.415523611459653 0.636622876607756 
0.893664062613125 0.364954478788720 0.351141798914689 
0.944632554412712 0.797274799416879 0.729606618311402 
0.324329022664640 0.530884476007008 0.101934596672954 
0.554165401308970 0.097125927510840 0.718812630640542 
0.407754684821678 0.709135092621457 0.043134171853902 
0.491489035227457 0.459288668239630 0.947005432396146 
0.079951706654489 0.119208712470364 0.846961503057908 
0.898458917757750 0.749039481325968 0.691685404560115 
0.495837955241739 0.327574044619163 0.519954186981928 
0.586138155675437 0.304309485179472 0.919980903949219 
0.412483870225616 0.145713897852649 0.327505678665794 
0.761714422912745 0.328073739775405 0.617104312099435 
0.713712566454771 0.581549711671524 0.061032132873602 
0.701879698736838 0.196806846212247 0.775893033852448 
0.820357579026728 0.912976783445860 0.323691813888627 
0.212840877652270 0.234629430348131 0.295941189160153 
0.752946951401809 0.820808629169721 0.235256516310189 
0.973939478743418 0.899379900466994 0.007169946474842 
0.917479370057848 0.406219667976335 0.918896218476073 
0.023635986177318 0.463873387814349 0.211613325084485 
0.529078742305015 0.497643854229454 0.481701898451696 
0.901836305226349 0.443094848033995 0.482811583948148 
0.653319432694710 0.893759203459186 0.258026657022895 
0.546557086914278 0.427927235736234 0.725482852018622 
0.483445884361665 0.609266719083549 0.593334786425316 
0.487967981633973 0.022031122277280 0.476938633375378 
0.957982040492866 0.102132450828869 0.821252284434588 
0.268014924637945 0.046329494971187 0.220743476667536 
0.603623723740578 0.225156069223803 0.664824129923126 
0.215096283817447 0.552753505698309 0.723999337596916 
0.431001012293958 0.918384704922862 0.583393140487936 
0.643483082091202 0.874882055373176 0.540833126690843 
0.355918974917549 0.646106766716912 0.519684773277138 
0.446073825863004 0.509152600622108 0.331536528793162 
0.427955568293015 0.283917061417524 0.680153911661893 
0.673254471202105 0.059593752429289 0.311575757509749 
0.755598258592947 0.625489461421498 0.929833537051878 
0.603570690996214 0.456573907593301 0.296455932640031 
0.478103682407941 0.249955996512618 0.797114293742428 
0.623966265088763 0.762785252907788 0.573169042531611 
0.176504845259973 0.060771861639502 0.082239716062660 
0.855722598355649 0.866381427401069 0.379526098477045 
0.389081618497495 0.064121300649932 0.435863954064841 
0.341052729043038 0.412520975072093 0.578798887902302 
0.221444769825385 0.634641055585803 0.732702373211609 
0.995535952390073 0.293078639267253 0.195379130212509 
0.661319551184370 0.650732863256510 0.493897448433079 
0.731075172775576 0.674385468841565 0.641076016216187 
0.038198978543684 0.050105922082961 0.315889516516590 
0.757549751381512 0.840836308605201 0.571570557941303 
0.945175189447461 0.934410524883334 0.220860454910824 
0.220416895968727 0.436222963408197 0.525653805114356 
0.873245624421939 0.762746862769617 0.953624897865411 
0.964668226996868 0.034752976999048 0.520295769354601 
0.227888682438030 0.137185703160170 0.583465445877385 
0.318120546277214 0.331810861242452 0.103300191087254 
0.406252509610468 0.465819998885865 0.820010119120245 
0.641241799166271 0.744400661500978 0.550149740802727 
0.235313373293728 0.453757254689235 0.384871566715260 
0.825683562868381 0.408538776682431 0.777361365393378 
0.503126903742059 0.030211518826493 0.682321454306668 
0.565388681872109 0.683184763160582 0.522855029228040 
0.174979221153394 0.377688203743871 0.141549860332995 
0.745417334537740 0.467017205025848 0.602968277183806 
0.463885729399833 0.141277213702963 0.640721893416826 
0.664212851620746 0.226773902920457 0.831173267160224 
0.432396341312392 0.413254162993341 0.721631697275301 
0.541514289732333 0.367140383647223 0.007501449903399 
0.623836544026234 0.508390981516885 0.137680918656409 
0.179988490546098 0.857331755688134 0.339253273213432 
0.161608784188417 0.963317940098154 0.093464745385910 
0.104255965789317 0.205480676578739 0.608743418376351 
0.292535449267117 0.250565587128588 0.199595858247470 
0.653545307772373 0.447509611078495 0.285459014106686 
0.883859034352274 0.833019442126992 0.221577473001056 
0.557835040617732 0.722992184356669 0.807812606385288 
0.484715466143616 0.882797417062350 0.608460264936665 
0.483002446673775 0.849135158297973 0.200258754512696 
0.224826291270063 0.032233590383110 0.179479593329024 
0.936052028958484 0.599853915809570 0.608385706165057 
0.710854689700441 0.242826958127056 0.280526338128048 
0.121663624616314 0.846259038446961 0.838046458810126 
0.781252623608677 0.396663120917972 0.924702516752254 
0.727688107361236 0.435883391809339 0.481880810705384 
0.252280660124607 0.706794561359540 0.551760009665809 
0.878299790122153 0.470698012004472 0.161805420280039 
0.811872670039332 0.978097617433294 0.901210528953330 
0.364642750803776 0.200304289257309 0.060186350852958 
0.846683712996182 0.144811242969420 0.336488854328247 
0.776209440078741 0.960439172196923 0.553312918605566 
0.995414333806068 0.178783264301708 0.697789653683402 
0.890965498291863 0.763751878560967 0.993186174602749 
0.554638672206022 0.263752783564232 0.235994347850615 
0.014361218954576 0.267247400445176 0.649124116257103 
0.890039394169508 0.223013104942779 0.398248181754101 
0.309699313955717 0.798253073002189 0.457744107299103 
0.766210812230341 0.274624317025756 0.627902101643195 
0.254587390492635 0.989543663276560 0.523862072270157 
0.963944314004559 0.770960574426642 0.010239132523421 
0.456992295085315 0.847518231263870 0.547976280658958 
0.838948541888179 0.205632204312489 0.565074542655325 
0.233210483350993 0.920099067614707 0.357380287374759 
0.145943489481074 0.285443514935945 0.454241205820321 
0.699223662424198 0.730234143735461 0.113552749896935 
0.734541943140687 0.659638536644356 0.954312627154666 
0.063649983235025 0.055315857888645 0.231152868879427 
0.767708408883122 0.161720467295837 0.032712123993320 
0.288928976364712 0.643148923728065 0.543434918646607 
0.241152703786768 0.385962865321183 0.970524566887006 
0.058469676484509 0.913843169543944 0.301786588055882 
0.535937810614819 0.623583987943284 0.081654018069553 
0.849098400160005 0.378591127698628 0.516868290840326 
0.931897708114603 0.701534847568682 0.991120980015741 
0.954990335934769 0.357001946961575 0.295838230768843 
0.783085687077771 0.975931002357572 0.632807524994356 
0.182961263343077 0.962667090690610 0.861615075643809 
0.917194819822462 0.555190637911091 0.508247610731520 
0.078006700349791 0.791969900087397 0.060159564736806 
0.699375320044130 0.984653228259296 0.384417731547093 
0.427658794313960 0.755731707608213 0.371324713970810 
0.699656562830686 0.881444655207851 0.493068239128596 
0.216311597385243 0.670903906962045 0.785781694251515 
0.546679169645706 0.929105657130588 0.091991546337082 
0.485246374353818 0.635829984251470 0.739604574091258 
0.034943034179360 0.836357576622189 0.546662088800946 
0.826643894903724 0.575154122137164 0.500888772187729 
0.996446090031617 0.240574394536085 0.647692861902177 
0.673255421725224 0.308657716901559 0.667767104532963 
0.640463000618173 0.548160708685294 0.876201322670850 
0.609341839219273 0.893450210390419 0.499721297758672 
0.719208786597006 0.602079719157524 0.617998254204749 
0.639584295718619 0.054191498304918 0.696393828577309 
0.876037698531644 0.149085398013728 0.682926170708731 
0.524396226557515 0.166417021720036 0.539287240280616 
0.182305915773237 0.940514060441469 0.853962522989760 
0.782776358523492 0.330489892783069 0.397770731064631 
0.146619324311944 0.082385643367959 0.940036336517428 
0.934763047216181 0.577003405612215 0.894548928108952 
0.285305205730557 0.891528832886785 0.976920148240691 
0.708782993051869 0.609268835474164 0.246913482228314 
0.746881978013131 0.999831140996032 0.773969401178152 
0.775708359656747 0.817384311176938 0.715292256281889 
0.979214954861281 0.060747702888112 0.074674995184464 
0.639097533333047 0.615706163275552 0.763314907594888 
0.180979991635152 0.979986711094366 0.741638149446540 
0.454623068353495 0.657623356480026 0.574174382419090 
0.375923271143133 0.741798660040886 0.819207430740924 
0.162686163000482 0.786531873241590 0.383711639358815 
0.647994556792456 0.306383428016281 0.219050202932388 
0.585158612107829 0.979859065936499 0.635484626809816 
0.058405691091318 0.682320566495670 0.436654419608090 
0.295430017303511 0.245811736259040 0.988080423344425 
0.384567032128533 0.647225737684658 0.883335474528465 
0.652699105220293 0.824004697506916 0.507942438318417 
0.350093807407043 0.013514347533723 0.523794759268908 
0.475832307957183 0.926934028110803 0.056738775633801 
0.900942548254777 0.174568092872569 0.880557910328172 
0.295099275249532 0.116928549718560 0.572395853920465 
0.193398332270634 0.576972950388301 0.612498226185823 
0.884533176929065 0.642160394692977 0.085839211639062 
0.835125499306704 0.950932918907354 0.725789741443299 
0.063281815070408 0.226807421705481 0.396572033517577 
0.022732578939328 0.594438396416356 0.634574040316181 
0.327714009417622 0.917703405460868 0.131709304790157 
0.182074014917236 0.795132287382491 0.279778357949303 
0.300701559898366 0.297823269141629 0.764071531023162 
0.596482932602719 0.931797983678592 0.034180130688913 
0.870762157407188 0.272645243652394 0.191405142088636 
0.030837567819207 0.816593040000515 0.288136852861833 
0.148848374164467 0.477599179205357 0.853586137966499 
0.175225182909648 0.108046035695684 0.213432302194969 
0.448605906847883 0.324112922170243 0.557508695282778 
0.662268448948244 0.878775348392823 0.954341456055168 
0.647874089872961 0.650747277293958 0.206859849196947 
0.700086699482594 0.693101554138436 0.279077480042299 
0.812918674652732 0.648977858888560 0.309614510884393 
0.923414053032094 0.417313348320234 0.846920340603717 
0.457093601931889 0.136628315522076 0.320201084375917 
0.735506374637211 0.825286374130649 0.684073286742853 
0.403930429096116 0.723948167319029 0.723114646515927 
0.201924014920777 0.297295440498991 0.114069680242999 
0.869523689213931 0.997898466431147 0.984393884687396 
0.894745261187482 0.259932136032934 0.327641669296276 
0.055873680575943 0.501274611535949 0.587805120717731 
0.074782163973490 0.746641239531056 0.495534932750696 
0.537787602459364 0.138646086029015 0.881644126601999 
0.264353073210462 0.634998590312512 0.990841358441368 
0.860129747961965 0.256391859410399 0.234501165871225 
0.800400494265630 0.848820740248636 0.981946257396306 
0.665627227942200 0.246897474479179 0.425736655012881 
0.985396750178391 0.507750233771932 0.641930372287743 
0.018930946795466 0.266668843004519 0.467262547525167 
0.261588214904860 0.618200964559497 0.175899010176175 
0.349928965682884 0.855996993548955 0.402867909711963 
0.634609181201432 0.178451471386776 0.146766601496589 
0.125012874297627 0.647043419550673 0.591994331864332 
0.749136338174050 0.315093737613714 0.456921625100918 
0.282583265121690 0.362844131770313 0.635657353689285 
0.377717381639559 0.372705448125588 0.264220287038408 
0.998899885525784 0.278667657228573 0.319102642024555 
0.101733890394581 0.385117853001410 0.944074777404368 
0.139662037943898 0.748195871881518 0.651630867099428 
0.040061533263682 0.503475270150628 0.495050053660877 
0.005546641925716 0.220792660589940 0.498548577191151 
0.187659073889477 0.228777606769957 0.985277117964424 
0.697312142310626 0.995219975833188 0.190007728650510 
0.256217210607976 0.476990307963876 0.384919264575350 
0.655846719865353 0.293972071366420 0.420058572674791 
0.527165198937481 0.922198924928222 0.481555050943393 
0.019427088219828 0.797210714337048 0.326911803784271 
0.720685293750274 0.843654749677024 0.258207388550299 
0.276059224076281 0.664266208520223 0.779411852312489 
0.011707255071001 0.018753274122194 0.777264450569887 
0.961573437530737 0.083855827719784 0.039167364551106 
0.265815022991419 0.525739418158783 0.078996455166085 
0.599492642599857 0.243479403880815 0.373641599585069 
0.177132359819652 0.663838573047305 0.113935244136411 
0.728812214965652 0.177669534817089 0.160627912233739 
0.040977902073855 0.378051722097645 0.199090226204887 
0.299825009584534 0.549565365560453 0.143648987625761 
0.332683089409548 0.451375800338223 0.755739838740885 
0.311969544597292 0.018182965141176 0.912526543455681 
0.458610902266180 0.455943014455078 0.160149363005294 
0.744227636162578 0.344186395225234 0.332144072270428 
0.036139825327431 0.740618105205144 0.848689325015296 
0.307575574007629 0.861210595788148 0.510624681005266 
0.808099967901674 0.076926479687018 0.468003465602642 
0.596999669816151 0.881014291995577 0.267991592520940 
0.937654478071770 0.535659382332597 0.873511634322568 
0.901103699343395 0.173986803938352 0.766975377046217 
0.517575240888406 0.567843051265285 0.351926257080827 
0.350708838735473 0.958712066725836 0.624953356491921 
0.890804839462047 0.507567851540272 0.193768646575893 
0.661306869283409 0.104194283238316 0.112906547666962 
0.966542162753555 0.988926179010918 0.960137751819215 
0.401873878483263 0.176637193847313 0.933483339982734 
0.449124907248684 0.310358794750851 0.686119815966899 
0.255361984991285 0.901881734918727 0.072368145622268 
0.518873147992171 0.119281337877844 0.225023194334597 
0.922011987571917 0.839158894840557 0.648645697168206 
0.429843578796629 0.007060708231041 0.768742060880922 
0.250196634715552 0.017995493576860 0.911077002165403 
0.056036770865966 0.575209464522614 0.757535449192435 
0.502414850594112 0.846083177377045 0.195389459323960 
0.133790365968271 0.180917046282137 0.316766710315644 
0.814787332730247 0.291725871122428 0.976931365661808 
0.744542776539033 0.113467781978876 0.599973871877986 
0.372305040591544 0.642031164824147 0.124328566134706 
0.061403418198111 0.159305725287653 0.970196581488009 
0.381382211759797 0.671095565074993 0.130956939942600 
0.069432461602475 0.945975817053167 0.479809225733039 
0.905064080743120 0.876717748071016 0.816839099447562 
0.559501722998499 0.724247152307177 0.200116995496652 
0.160514610169629 0.287194628220486 0.645584618075257 
0.307246335227687 0.260637950502707 0.364451348310524 
0.136012365767116 0.850929148035837 0.077700285670283 
0.771960061576929 0.723410468772481 0.203116759739758 
0.835339271290056 0.422192030212076 0.018349948620058 
0.597251341154491 0.104868429291620 0.617831642492507 
0.117760201115169 0.089599458646108 0.446669452277471 
0.549651386822712 0.129317344724081 0.241686338975245 
0.785235566235220 0.974731542931694 0.314142532260580 
0.598812837319676 0.344068520801661 0.904400439497347 
0.135438427990491 0.493737974369005 0.147295647930937 
0.600998564674764 0.321981085273075 0.439962061765093 
0.806787285172582 0.433545288580677 0.907923394607014 
0.395646868164338 0.556719428977392 0.174614845678780 
0.094155793896267 0.477060542165354 0.271940097590097 
0.134203150900402 0.691508179252480 0.279537027150058 
0.512162151482775 0.121095438424799 0.852367025147213 
0.824290792896249 0.470919347862504 0.598219344566456 
0.774819817423040 0.291029791885483 0.076386403166873 
0.555696535567840 0.072228687253161 0.119160508586305 
0.390578042060458 0.563780901397839 0.541173866790894 
0.764481236529129 0.884105991130416 0.187598881890636 
0.131996579275494 0.383610444583396 0.125586719656940 
0.446583772523838 0.028710317166145 0.984999543854381 
0.917957466684664 0.283722438450340 0.878838287194255 
0.133230142571462 0.938371011132722 0.073209225524870 
0.378773990224045 0.122398152189098 0.494005195301386 
0.039828830468654 0.616550845545020 0.644737814026997 
0.093035769223031 0.089366108087086 0.801445940524637 
0.372241413514526 0.148186346305836 0.956567443688857 
0.268632238413497 0.541880668127923 0.279682604776067 
0.765655045922537 0.937131896239962 0.589138701021510 
0.365102240265263 0.068121752904260 0.720613472969665 
0.109911870144632 0.695526395320639 0.173510869949434 
0.743114109554805 0.947443221071652 0.340561869902004 
0.121111874041448 0.595556829960280 0.998800364771742 
0.099217738874597 0.953979452243023 0.283972901025306 
0.414512056457245 0.219284442265649 0.051409886249932 
0.966627076495600 0.225330026101850 0.404776749727982 
0.151985446917270 0.054783977288774 0.071683256323405 
0.499166541926477 0.356523848326343 0.760641565924135 
0.634244033423680 0.631545399700567 0.838746705665947 
0.715997933068881 0.568126671009567 0.543520755474060 
0.211206929264906 0.856505674855150 0.228590956897663 
0.276563868662923 0.494992259004093 0.368908098825986 
0.242724444031319 0.392691528446617 0.423948046648936 
0.132439703288393 0.029428817369793 0.425777593730638 
0.377639491377398 0.750613137546173 0.699137553985937 
0.316454834204677 0.581999814276876 0.965903531448588 
0.375043269100668 0.170481009912039 0.342587214915976 
0.977380276347261 0.869214802890332 0.798607746249587 
0.982600662124207 0.940125285944046 0.819836132417671 
0.145404530058019 0.846280545671563 0.715315941473841 
0.849899935929619 0.895154217828963 0.198046833177207 
0.761140226890520 0.043040745442132 0.254850719641404 
0.098704264762849 0.907249615304352 0.048794145941780 
0.157493272088327 0.372270695556782 0.639246205477235 
0.427419996821009 0.903286072653441 0.590460367102318 
0.434737303962656 0.423528969613801 0.562015914061589 
0.596581946186295 0.638781866363304 0.218103724681767 
0.296794604915159 0.466586457777554 0.344090963148341 
0.850107029880439 0.137516990111382 0.962227287604824 
0.750133758116930 0.421721440597506 0.631799484826672 
0.469771227751615 0.515340069612522 0.905365877370146 
0.231828149649702 0.137425489455922 0.687878816658283 
0.855986683801445 0.237459059413206 0.425622946249115 
0.903031454925400 0.598721916002726 0.609078425322507 
0.566533602517814 0.668968228456227 0.009889344417407 
0.988143339228720 0.492647566571054 0.727773879534972 
0.838350194574501 0.818988340619577 0.639000886627819 
0.674859250198511 0.624652119384375 0.552397396833464 
0.649592479562607 0.247433426510237 0.666956594950107 
0.529604023840371 0.425766630148868 0.951500790519921 
0.155607387687714 0.294797734955752 0.142812384817019 
0.986886051407297 0.552298414763564 0.764877498147510 
0.830757818833870 0.751079412464386 0.525150705828017 
0.897108146109521 0.866313097772986 0.555233479410376 
0.267609912500630 0.238499410571790 0.255143524639797 
0.569431793233553 0.826927306997735 0.015140814304151 
0.897130142768294 0.429388823439062 0.147088745809860 
0.225390526162546 0.122001532762986 0.383029830511220 
0.891407663335500 0.537729664905862 0.658697898053006 
0.332937898306974 0.751599729353350 0.662258048981576 
0.859054084898109 0.639445035413187 0.873008457475405 
0.264221348208701 0.434865718141896 0.089182895195786 
0.229752193221872 0.418623207893188 0.187128487960310 
0.005197827657210 0.268915313333805 0.066890914928502 
0.207217358302959 0.077274190364146 0.909507032949259 
0.929726235903776 0.811999354514239 0.124898589069442 
0.029763416284043 0.854687785244686 0.038349761483244 
0.670337093916441 0.905469858810609 0.632715099047111 
0.867268157094270 0.895586381594701 0.672332111891359 
0.904718644920163 0.473767644227544 0.284499036879471 
0.777026417395561 0.897524111019342 0.705936750900925 
0.010171642034565 0.554410201954259 0.377873428917770 
0.685050128155717 0.917724397292760 0.522476551580170 
0.393848811911619 0.888331090950156 0.773889154561392 
0.721987632143809 0.085000586459240 0.326945309661779 
0.307362292197202 0.444322849536906 0.085623150386801 
0.464031135058863 0.447667635584028 0.988930312338892 
0.820037899703848 0.331049737106866 0.085314200951649 
0.670870539478936 0.294405563714985 0.895463404612432 
0.622321822231352 0.159293935312240 0.826505131949120 
0.108728159177978 0.559727454567297 0.369294445502094 
0.523079764046327 0.220812395663358 0.377473808811355 
0.552433363501926 0.213764799882485 0.885930610542147 
0.002120748684314 0.935329643177081 0.981276907292278 
0.303907185646879 0.229109515061335 0.241063397369059 
0.389457144620582 0.142562459238288 0.568848214069479 
0.694741786717487 0.003925154159387 0.268739122788860 
0.119676725073083 0.662427800550179 0.824515752527298 
0.379064101956726 0.235807881884295 0.901733589914002 
0.804332815419036 0.466267457581924 0.954630766973167 
0.512732283546386 0.717170012305962 0.682856311628294 
0.375301323471509 0.069443365605170 0.253211560343859 
0.571168542634755 0.439334339297410 0.084997911375754 
0.372340509179468 0.817307498789898 0.853950056040352 
0.917692485854651 0.625045828240137 0.656185288907208 
0.220217457282131 0.460491165922307 0.362833967336858 
0.805879330732694 0.780575710065257 0.473137183317637 
0.503214542027306 0.341732839912271 0.584104047362973 
0.213887031550542 0.788743491282847 0.234106724030616 
0.282949527426637 0.106981727329718 0.285271703378129 
0.368417040138828 0.219611140752146 0.542321073948467 
0.201460769422890 0.742068557597849 0.942317880634662 
0.545408730476970 0.979791707600355 0.190121517715213 
0.794527216736669 0.978487096834973 0.008706415203353 
0.430005442247956 0.764609881353529 0.137883000782390 
0.236186099334435 0.435320054425056 0.353075609315517 
0.097936279439273 0.426984386433088 0.149740588429447 
0.817233433291043 0.918485209357492 0.798897525291735 
0.334270204656463 0.786969743885096 0.880734386838826 
0.297867306306472 0.904560279473853 0.910365775319238 
0.245431617290842 0.827377597657246 0.459744471317553 
0.884165678006706 0.637633067822177 0.334518202071122 
0.830209984580509 0.951645041254231 0.053935975160159 
0.773254536139924 0.378955529290633 0.709219107846184 
0.660911511988156 0.614855686026025 0.479662432609602 
0.853168889611615 0.007570114611233 0.756097056425511 
0.064331290367971 0.319152247264158 0.010044905430985 
0.387768236354315 0.384313971480322 0.119706468995250 
0.083279159125778 0.629180723192258 0.160796471604799 
0.068737450574458 0.092355681051236 0.508784043682906 
0.114265377783484 0.497030152415387 0.375207955377854 
0.176662989575230 0.457216766506313 0.009103544742667 
0.948803876182317 0.071602818480686 0.310343329646752 
0.309272970917844 0.152494629949240 0.133573133789048 
0.159661737091911 0.133571049138362 0.405073152365987 
0.051895496196247 0.410518953330990 0.364218306480042 
0.456187761044680 0.970023441454615 0.814142965837705 
0.474622777604247 0.498108201370699 0.029778347005590 
0.043379515034837 0.555427886314334 0.770443271143047 
0.631047792185603 0.976483458880667 0.305915933900497 
0.838260114638026 0.307367747445719 0.311309616231972 
0.540114526775720 0.553157478071309 0.673473961727363 
0.976974638319769 0.953241845110245 0.817196148056103 
0.987821487505230 0.436038105579200 0.121665557255673 
0.661192268876297 0.491235865259257 0.377477250273609 
0.968339868747604 0.821729527922788 0.832273399439030 
0.489206968862265 0.215723558523690 0.955349005344497 
0.570531896690866 0.968622325364210 0.669471402087331 
0.863726229186370 0.961067278735821 0.180618462171594 
0.528730353348864 0.620246969082705 0.966235954641541 
0.404768421428920 0.302660522006944 0.286244483585229 
0.715696250206171 0.926816608213851 0.327840772104385 
0.984263051867294 0.440966870349491 0.824371650208565 
0.327507221113296 0.456063509190022 0.247853989204015 
0.672659596622976 0.931112108835539 0.874688655637123 
0.958222925057412 0.053424337834172 0.581479835499648 
0.602757673455218 0.652004107411641 0.188539036813240 
0.796875827746986 0.793260098055919 0.470987567001641 
0.239618962421438 0.326592637355824 0.214472216205118 
0.707873703419049 0.815902403072316 0.341197651656750 
0.447218867998759 0.197212575967565 0.014893270749327 
0.432374792896718 0.650557094838449 0.549277678100382 
0.883735089823477 0.862332242195405 0.421057810821652 
0.823584792988859 0.534013180079069 0.199037411340372 
0.881214668394752 0.825679598951501 0.268658006972978 
0.201078774661236 0.024109759132196 0.328982938824772 
0.986849314935889 0.574744222299233 0.514318162746258 
0.172895840051238 0.821297334437412 0.015943565155815 
0.599134532458133 0.369030646243604 0.432003851964944 
0.770892793580310 0.519556417491635 0.059349087284230 
0.631582403020021 0.802016254076416 0.827060814081172 
0.413151656051883 0.049443574837883 0.529312087528168 
0.310061864265878 0.324277063769935 0.355627955652265 
0.032465427918260 0.813039104104402 0.075534143813014 
0.159795566452333 0.545282783618743 0.091677512714214 
0.974303556062945 0.076857419271336 0.051560235617058 
0.988961802535255 0.331409553500181 0.607961701171050 
0.800286798737255 0.640019305248421 0.054777081979135 
0.424022763347067 0.598124112352844 0.117607001431921 
0.560052942280184 0.358708431398272 0.808391710141893 
0.915490265033945 0.662284139051737 0.918777880802736 
0.088326861571768 0.933561943037669 0.605910562850291 
0.401887606556903 0.030177026636619 0.176402448148926 
0.414742888561944 0.775461372817018 0.036721364609026 
0.206082596291070 0.299261292643997 0.314945094435566 
0.958107975701837 0.500363072209458 0.945483759662702 
0.625744950545262 0.244431161219025 0.259045390592980 
0.127817882196940 0.080373322948744 0.627263461533654 
0.874081108073673 0.237722970101334 0.890803923843224 
0.633395237451178 0.233147670976992 0.000674430823192 
0.005763670363459 0.555324152313121 0.261750490852130 
0.865835530016051 0.773665848470384 0.855576063011749 
0.625512816706645 0.296006367366974 0.844115395730405 
0.365727150490481 0.312166229386531 0.459833673157916 
0.094393704998456 0.056037400814668 0.891856371379295 
0.633929023805047 0.462057149331682 0.597893331065711 
0.614729711985264 0.959457259661564 0.440759762858577 
0.418797863806506 0.146369491638352 0.065921176322383 
0.653637240793017 0.458433794199796 0.664499375819096 
0.474281997858732 0.357066316488288 0.374366644910975 
0.244476084925554 0.622219887505521 0.947339069751035 
0.517241509687424 0.946443104820736 0.816252334731675 
0.543769901497210 0.597867745355444 0.783619399482585 
0.408592614494276 0.503977889272901 0.602374472965698 
0.799048456436368 0.021044497422077 0.290564768030578 
0.176658613134756 0.807234936222608 0.693893132803051 
0.453135195160193 0.397636591750563 0.967447119325770 
0.424666766360549 0.615582107490846 0.576349762744027 
0.247065617044393 0.679807337509973 0.265786948587215 
0.496762585722650 0.006209754513196 0.111702499685200 
0.833361264281937 0.284131682816454 0.388975237293971 
0.894195329964053 0.010781813446912 0.918113245014108 
0.941967450722273 0.801602594633634 0.524249272274144 
0.258314790684533 0.897417127873741 0.399435739949896 
0.592825861723756 0.333786964839669 0.856016192266255 
0.489433568678494 0.127884731587448 0.562989373800085 
0.183713346898791 0.257179041637446 0.319629891013847 
0.517054341607780 0.297060369061202 0.407487342593909 
0.633422462248779 0.816711060964635 0.153301691478812 
0.940915537584811 0.395875353026206 0.762021412578913 
0.684251794188663 0.124159198795597 0.089155076980864 
0.334118711151478 0.617105722865499 0.637764657362942 
0.191655774792964 0.279428495770244 0.110680355432976 
0.846499959889066 0.904187902227619 0.089390583245945 
0.902185043389749 0.630891714456786 0.383049142431204 
0.822490234525560 0.207472475647105 0.242848808614626 
0.164823277915009 0.880445026284710 0.446821234495390 
0.203958313526282 0.312478077030109 0.046683721493187 
0.978653977758727 0.351952846277698 0.438310523491302 
0.322792201721127 0.415196344116460 0.759012663440511 
0.166513876003182 0.357390254276735 0.766933044982744 
0.394979863007198 0.786618040329893 0.551942846329463 
0.616819712684387 0.089226219136386 0.818780616179856 
0.249297664556692 0.760560073217596 0.556830200863659 
0.962883502762517 0.763280535120961 0.265859809945242 
0.997882572439049 0.435615503734963 0.391468959212167 
0.701420366961880 0.053154414107861 0.013198570573095 
0.968303296422372 0.365536819719367 0.705025186258730 
0.192141957803021 0.961983805458877 0.704516021243249 
0.049482570398717 0.756384306188050 0.596141463173024 
0.752732771443399 0.733170018961098 0.696411530919423 
0.986058948709971 0.348993052654775 0.248871755670166 
0.864413572931143 0.819257411425357 0.087975052484555 
0.213489342753210 0.969270817859362 0.681553998318250 
0.450870457266901 0.214477753115696 0.516136679535044 
0.732233705026569 0.325949749889916 0.803872959344298 
0.077609895600836 0.065768558147644 0.177626982838675 
0.743457391975011 0.846966495123629 0.762555975469119 
0.451701065342481 0.660273213581022 0.768648080904103 
0.327437308495876 0.414802121733035 0.858607782420627 
0.667179202999669 0.942296616303478 0.517672961414121 
0.152739807150775 0.702913868608905 0.717828844952816 
