0.9407 25.4339 79.3877 249.2043 529.367 703.4594 965.9142 1258.0672 
0.7173 20.7075 90.5701 283.4885 466.4964 612.256 851.4343 1157.5322 
1.2711 21.7763 110.3154 200.4238 482.7381 660.5968 982.4575 1320.2899 
1.0968 24.0646 88.1907 153.9411 495.4945 750.5646 718.5822 1309.2107 
2.4162 19.206 78.5945 238.0824 363.1293 726.0372 1009.3085 1327.9911 
1.4756 14.6788 63.0458 225.5109 466.7872 659.8786 678.5155 1216.9099 
1.7425 26.3918 84.1068 205.039 460.3791 764.99 1062.8151 1047.6966 
1.6414 29.2577 98.2806 124.4209 280.3789 687.6703 937.784 1107.0536 
1.4603 23.5506 122.6558 194.2295 398.4386 593.7415 976.967 1229.7522 
1.3618 27.5765 83.4374 280.0007 444.8101 699.1391 881.4571 1224.0632 
