2 4 8 20 33 
2 4 15 28 33 
2 6 6 15 59 
3 4 9 15 24 
2 6 7 9 35 
1 6 11 17 48 
3 5 13 13 56 
2 4 12 22 58 
3 3 9 34 61 
3 3 8 25 46 
3 5 10 21 38 
3 6 11 21 48 
2 5 7 15 62 
2 5 11 20 51 
3 6 9 28 54 
3 6 9 24 35 
2 3 8 28 29 
2 7 7 26 59 
2 5 19 22 48 
2 5 8 28 26 
3 6 14 31 55 
3 6 10 15 21 
2 7 9 22 54 
2 4 9 23 50 
2 5 7 20 55 
3 6 9 13 24 
3 5 7 27 59 
2 5 6 36 27 
2 5 8 32 58 
2 5 7 27 57 
2 5 13 14 46 
2 4 12 21 52 
2 7 9 18 63 
3 4 10 19 54 
2 5 12 23 36 
3 5 8 26 42 
3 5 6 28 56 
2 3 14 26 31 
2 4 10 12 39 
2 6 9 22 42 
3 8 14 17 41 
2 2 5 21 68 
2 3 12 30 50 
1 5 7 19 32 
3 5 11 18 53 
1 7 8 21 40 
2 6 9 15 35 
1 3 8 25 34 
2 3 9 16 47 
4 6 4 28 22 
2 6 8 28 57 
2 5 12 19 35 
2 5 6 28 50 
3 3 10 11 58 
2 6 11 27 33 
3 7 14 28 41 
1 5 11 9 43 
2 4 8 27 26 
2 8 9 25 45 
3 7 9 25 56 
3 5 11 24 44 
2 7 7 26 54 
1 5 8 25 38 
3 4 9 18 40 
2 3 10 14 35 
3 6 15 20 31 
2 4 6 13 37 
1 6 11 16 41 
2 5 9 26 23 
2 5 14 31 43 
2 4 8 14 24 
2 4 12 20 87 
1 9 5 11 45 
2 4 8 19 43 
2 9 12 25 60 
2 5 9 31 21 
1 6 11 24 33 
3 6 15 18 27 
4 6 11 28 55 
2 4 8 29 40 
2 5 12 26 59 
3 4 9 18 31 
2 7 9 7 37 
3 7 12 16 32 
2 5 13 30 40 
2 3 13 21 26 
2 5 11 31 32 
2 5 6 20 35 
2 5 10 28 32 
1 6 13 17 39 
3 6 13 29 47 
3 5 7 13 29 
3 6 10 23 37 
3 4 6 24 57 
2 6 11 36 66 
2 4 12 39 44 
2 7 12 24 44 
3 5 11 22 88 
3 5 13 28 51 
2 4 7 22 58 
