0.211088011370439 0.295115244041936
0.236427452561754 0.518285123215783
0.395424319802663 0.838757456655025
0.135832873242922 0.081260293517892
0.511028814998626 0.826275482458477
0.447888024961109 0.359799178786943
0.395343855084633 0.475186385921422
0.871020384810210 0.490525185275054
0.988252890611758 0.342670696729095
0.374943949945066 0.766228370321791
0.075973690799634 0.988387184306677
0.289828683699109 0.460168427942744
0.745897664002510 0.308599155913331
0.440293710351454 0.105395715095537
0.464514974540717 0.394425814660896
0.072789859959870 0.156610899535472
0.621229875333189 0.986759036339869
0.896226164151720 0.447436019432867
0.842783633325205 0.601362271954638
0.158234356329031 0.622570205625881
0.376167839558687 0.179895229263989
0.313253860181453 0.772156127345556
0.362323567374841 0.686084056176793
0.503659706810411 0.824783583300039
0.878587224495813 0.410983685002302
0.771443801376578 0.865909355415182
0.214756717888663 0.877255487997488
0.645500137315789 0.440072942346027
0.965816944679017 0.139609679808883
0.508352474378695 0.068140311126604
0.173776258633976 0.967038979651322
0.936203335001315 0.664908518415622
0.931731161920218 0.862196052755525
0.027470939918186 0.277756399891269
0.575188986092168 0.124244332518032
0.587520666858681 0.583627303699728
0.828843744843591 0.193737865935477
0.921086527167102 0.879482240317729
0.051413388952728 0.331562851858718
0.898916759316320 0.880462498889371
0.026811439083333 0.278699751320214
0.911467276647735 0.500353240814395
0.586839523846283 0.919541821193519
0.300005367610187 0.930540248820459
0.718751914150754 0.128731883498542
0.864275354513902 0.756504534730166
0.710456798130402 0.919956268339888
0.085916962391654 0.554999927925852
0.316783110022077 0.734861296113007
0.778115754154236 0.400411668678971