0.843435229495046 0.987705879299289
0.885187796923294 0.325951853524199
0.700329824762714 0.511680043045899
0.613621087661584 0.538714388003045
0.637709313113907 0.525841453521794
0.135240527655157 0.356410798796539
0.453328245969347 0.997352363922974
0.298472423556379 0.961299295537715
0.080808885344729 0.377461027198490
0.671813238149291 0.762933238520663
0.419947868549947 0.555983580209046
0.925513067837857 0.771867225417596
0.951058395094220 0.270880240164109
0.039668233698569 0.354254160148889
0.423417708315705 0.008356781649637
0.762093842058342 0.649345940288737
0.182303578770049 0.742398686014932
0.154385200993102 0.011012544853370
0.504767265618498 0.957372019090509
0.510867057089713 0.194745446282972
0.651204900419941 0.273301774641638
0.412667853070661 0.653212928810998
0.207953212759658 0.650664612985040
0.187945894603960 0.226286727488834
0.695549043744207 0.590009833803019
0.589332831205655 0.715560454225312
0.347957332225024 0.961448857287315
0.070949347356264 0.318732292745358
0.429984754235857 0.100030148688666
0.649886965481740 0.665825873649294
0.453261834499695 0.585242767387568
0.970838426997574 0.247074575502245
0.175589154613809 0.686368744829893
0.857599118727730 0.351396483159955
0.324108247545865 0.800130686762519
0.331450111828129 0.244738424930228
0.569671032969008 0.333057710164533
0.803972976332223 0.209169246782932
0.397946550589585 0.388219527657102
0.910635585134515 0.236454094103557
0.172217055425629 0.304454571042259
0.241526924660217 0.623942691215003
0.863480140802774 0.565945289106772
0.046908320100308 0.455956911284361
0.635387320780785 0.850969808548688
0.847787253927258 0.970463393658499
0.714713581197807 0.020885784079105
0.765509061121771 0.108669749558180
0.752466648509155 0.663879037385493
0.299401178431680 0.124283500254487
0.186408725771599 0.402736032779324
0.227793205364599 0.989524756521911
0.952677309790824 0.551875628211007
0.285275455515085 0.476585701425733
0.262356028655468 0.866102484866489
0.277847477930996 0.216080451822858
0.058260330556205 0.062020556448833
0.337647401625396 0.738131617328574
0.197866983484993 0.512772371162797
0.090241680144544 0.487090482886795
0.370230591918607 0.017745370227672
0.609994124105545 0.067489878163686
0.247893836644461 0.831114340152129
0.172822039243714 0.526680258392439
0.399212909142388 0.196564501666336
0.980686416904861 0.308700530547698
0.042183243306461 0.480266791609011
0.228452214662956 0.624287891391262
0.807764709398010 0.620153641181591
0.111293593321609 0.373531302187011
0.298869764052039 0.016769861488448
0.629608466840465 0.430525351255086
0.380591826350283 0.179449676326502
0.338445338895304 0.053482929750480
0.817915446308889 0.411297820595088
0.509734857467069 0.419116397911415
0.089063605525814 0.567429175607225
0.528157088525257 0.796698732005009
0.945801991890016 0.453147490984884
0.725265218083310 0.675067368912305
0.566433622439102 0.742221149753924
0.271524839570618 0.234935625660161
0.952881613309315 0.390139479870613
0.192217554773501 0.919227236334533
0.560172095664594 0.393210661111829
0.050696061470569 0.495752220471243
0.014792640572259 0.401588140458227
0.351267827029507 0.929392847594661
0.177816557604464 0.132789289299595
0.254022576387015 0.585070542846440
0.739346644219791 0.751996739110431
0.765208641873156 0.768116147156388
0.992746693776080 0.386408956745742
0.169301840440449 0.375267419388248
0.430292652035898 0.723133864924326
0.102699674650159 0.477368987739976
0.326289727104393 0.203595070096284
0.334012969427906 0.983952062164202
0.529365351856809 0.672147494064298
0.012215722662904 0.150222305659381
0.272562757232120 0.462575473653738
0.871453439404769 0.578585849884222
0.928022999453347 0.813372871596851
0.640098837976543 0.539695648876508
0.282458110958003 0.191181476314437
0.691683185998986 0.892100615811600
0.090281722758693 0.571490556113339
0.796620661632568 0.614933333209320
0.373177838144507 0.976676844667293
0.686181742266777 0.984671742058745
0.178052038270627 0.603690737733244
0.023961278944449 0.724863580361650
0.279724102109256 0.687171493107526
0.295125369926419 0.036802408347604
0.620384382659234 0.838500137521035
0.070010874571705 0.279496771650441
0.114751129454985 0.977275815782562
0.076189771625120 0.208874870202804
0.818029169935328 0.128927844778429
0.521900305881298 0.109019029537209
0.353185237384303 0.300651981441681
0.153785152811031 0.852325584043989
0.924718452882058 0.367586243782884
0.603166955249125 0.910837670621395
0.208019400666186 0.402118426579273
0.677629422031111 0.607599808276240
0.896574676753206 0.161443155466158
0.388462195877330 0.444734362222801
0.713688079088346 0.511963949899658
0.669566320578633 0.174042490394485
0.251053477280787 0.413861710682206
0.939706392195947 0.386282503859018
0.083429087937387 0.715127382723005
0.887534158552313 0.786881285267617
0.226825988643706 0.411584088008832
0.117598134503055 0.998685120230464
0.157038478210029 0.217899275613223
0.585591881195649 0.686458238946742
0.286007769902267 0.264315193148109
0.072383621461375 0.033189213324235
0.005424575797981 0.484801791914189
0.298908313941807 0.114866020416168
0.150139912407858 0.794562867355408
0.667792465422389 0.518233255130162
0.008367973364181 0.468303226123432
0.032621257878550 0.625145541105393
0.811328892800213 0.225390560401015
0.342046407890619 0.347483656821556
0.971892812039693 0.404022972711209
0.483472276607993 0.738200524205709
0.209951412104398 0.263738928834296
0.159846959328832 0.826916694728374
0.101656586243249 0.894083698590210
0.173123764259291 0.232585796554456
0.520330390659167 0.426972451516603
0.059248279253450 0.591102213243017
0.898764069523031 0.251266671503701
0.622064247387737 0.602325334517141
0.235788426444057 0.710307560445763
0.547321616294737 0.548845026192939
0.294411708103606 0.326626423842616
0.943008383858510 0.467916307639212
0.494484893987443 0.942778147870353
0.348517408104197 0.768340701898755
0.589769100767132 0.293221441766924
0.482697961625859 0.975675456971515
0.337443058478150 0.429395059475322
0.759631532147118 0.462001526792134
0.017503278452415 0.108616485447049
0.391009742107747 0.470583954983682
0.840173315207613 0.727155680506301
0.715281635899348 0.481109384966225
0.991352454354991 0.628813356960532
0.246276950255652 0.977787091420050
0.309298906613457 0.652559785029926
0.817800149244931 0.980451355983504
0.360155337891426 0.596266131441679
0.115730278371296 0.277904954364099
0.985590353711337 0.868288105374793
0.835449795834981 0.163094492642297
0.232742079813969 0.974636885708393
0.679964766185734 0.611310488118926
0.944814767921405 0.646699680191662
0.422868511678246 0.265456169622727
0.190093619841602 0.352948781879545
0.300338863836832 0.296530955608692
0.137806376933793 0.657804222110702
0.067649177941793 0.192825786710515
0.951175019805877 0.391791996314708
0.158211719885610 0.797929253963801
0.761164512575863 0.879366032820951
0.516961143287481 0.465494791214092
0.808849590930477 0.534239343939026
0.844925380987074 0.027821297259260
0.399985282566908 0.976795311669033
0.188119427010414 0.385650423293828
0.402279703716712 0.454127617276259
0.031437580277570 0.918185639397483
0.634033181573626 0.750483422855193
0.317007840697548 0.585190215874069
0.642220664370784 0.964360737744140
0.096511853248360 0.547121647962552
0.048758885803801 0.498238242995185
0.848262538070838 0.364613047737565
0.855614075236246 0.357891342032114
0.842370874234266 0.355212409487779
0.842569479100934 0.390475878454590
0.321121880555810 0.483142939557366
0.465886534176287 0.404036670147586
0.676719580923749 0.236948758919951
0.471757392030155 0.205824911476987
0.254849180394003 0.310242292986015
0.775360321337254 0.472785251290898
0.890044091777972 0.542370591370377
0.024494294467579 0.024799486864322
0.787634424907016 0.498670322972870
0.666182054897905 0.509750634124758
0.907092678291407 0.274081558363475
0.265296141227057 0.729197688803522
0.572881208454466 0.589243271670676
0.286175643860856 0.834428128607115
0.641445355775078 0.014793820763064
0.541365693192859 0.404880975705317
0.186785236463915 0.207452474477173
0.036026003778449 0.984411245537474
0.332077810702624 0.370558476299381
0.992218676239353 0.995591443024297
0.551110531217536 0.762096561099072
0.424199304675953 0.078223808436208
0.490826369861298 0.964838684054260
0.753999982362595 0.805462763882533
0.125069606916006 0.806084167657971
0.606006477834640 0.419423805508686
0.839660124228862 0.268580962266467
0.099895978447337 0.697881435904768
0.870214049178224 0.469563241559885
0.673216011467998 0.314635902537504
0.366666354024950 0.801441480648958
0.708049200434518 0.088354146834614
0.242241431221200 0.625533173586925
0.010622232962370 0.328167946847153
0.879655583924687 0.489323337670104
0.498381967699310 0.079037850086838
0.713625098736262 0.698096308319365
0.285975487694900 0.445868658855902
0.686292556444179 0.213381100098274
0.729734651512398 0.332588772587119
0.580972792958839 0.273504672465880
0.889680374847181 0.870881848809810
0.279659325825793 0.835648870933298
0.298725348461413 0.532986297853843
0.061020845113637 0.924158360451471
0.890668263962964 0.423954198751444
0.158156752982245 0.236448230079432
0.431736864068539 0.530988386257576
0.929169487049368 0.905712050140221
0.824850424031674 0.770952357100160
0.158650536772205 0.148732068014181
0.211437496710908 0.521874616973811
0.204466212410530 0.637445365336071
0.882557832383905 0.950245797300653
0.931768233529790 0.824520828170963
0.629241698443143 0.853132805759467
0.634943008831885 0.126053908116043
0.311374360259090 0.922611597698560
0.438253318164255 0.818587215542860
0.105116886761827 0.309746080280875
0.987213866511898 0.743016849002481
0.100768888241447 0.116317601550414
0.595282776005173 0.424545760565581
0.666142804286237 0.974736061649906
0.394238778531568 0.015697324333999
0.264933264491250 0.190039793951756
0.451654032840241 0.548503273435147
0.225229469427105 0.012618683718705
0.265160526516195 0.342332266449194
0.290231964441314 0.486270630262194
0.520748122102942 0.055426764182911
0.651400152270665 0.973428961891344
0.511120459555943 0.791067312545803
0.563669865696858 0.897874219866436
0.150174665689198 0.873384826410550
0.573045500706113 0.464970714011646
0.090959492927512 0.393193633896174
0.848784272480103 0.120444764573962
0.057005515206183 0.390818694929177
0.105555049858089 0.290947776053488
0.130710690994970 0.590742577150905
0.125367581006036 0.513124505673649
0.407502697187660 0.931999519097595
0.944732575128416 0.402632663018772
0.120789474567542 0.748594430420299
0.359426712680122 0.040537288373364
0.070247591035387 0.345827816234687
0.517401186632577 0.261729225219951
0.944788018258098 0.891257585845092
0.019785684152634 0.018494228608855
0.921576975770380 0.993131490438761
0.130604841402024 0.462085272704037
0.743779647152118 0.074474612511776
0.407737329361694 0.636127479193231
0.332232524176296 0.667618641959180
0.310812089181384 0.707911636038605
0.870040044200041 0.051810758915345
0.116150773567683 0.477108602643098
0.214130013718072 0.235641351287402
0.774528616432972 0.496163852283538
0.434090921180603 0.146382136432265
0.184440711764014 0.512607555103247
0.256154274024527 0.029926834476130
0.721724709851460 0.100742504784789
0.198972882691650 0.487878946544287
0.765804517772233 0.288648632243744
0.227886430890723 0.282432086798462
0.393484002835456 0.706168979308605
0.825653501094511 0.025040518988178
0.373134003816230 0.280519776432092
0.480169354830073 0.131478329299359
0.085279395250826 0.788392180864740
0.723476817778344 0.973738231377149
0.020007506706239 0.636891216074730
0.021417792175608 0.988321457307701
0.057283038923745 0.090383234507440
0.009560698452460 0.610822667687111
0.823168874558254 0.786299918386889
0.798579541245810 0.298314842714162
0.033115943922184 0.790173781517944
0.331048160975517 0.573890959493681
0.882899559170765 0.628655923342641
0.061653443769257 0.981820562423296
0.228443926700456 0.708994380167217
0.554118946967378 0.077131121838469
0.507689918597855 0.284426928305454
0.940671097975882 0.090025531444934
0.100826028860246 0.657169464378283
0.573667567471234 0.703398917828649
0.099616166008557 0.624157511466033
0.614047877284577 0.460818620483880
0.262221524105708 0.265424646780534
0.747554160967019 0.682684294816338
0.266829121525603 0.050978760090760
0.697210093939703 0.409884975722659
0.245561902916387 0.899262975937595
0.709334326948489 0.817122859206563
0.979561076473553 0.258765161094067
0.730404137395414 0.742174060240581
0.066794138780052 0.504066344023047
0.563374206309766 0.462709231574663
0.836056829871921 0.938594586993295
0.894594002117257 0.618897299487743
0.773801200826114 0.478578170437838
0.716257068611269 0.227868263231959
0.754835452472433 0.656167705768140
0.334353593393496 0.065211827905487
0.423606496681315 0.924423729007061
0.848387744526057 0.299040382225847
0.659688756219648 0.372843221377956
0.716659607427437 0.153746613992709
0.179268083728506 0.869324236799331
0.779700798458051 0.553437355386947
0.973822912675370 0.332945087194497
0.904491918195583 0.149126946819474
0.467869131424511 0.311661094558179
0.233379308624396 0.869124786563522
0.989549295143620 0.289997763827227
0.874147036374903 0.148653807156496
0.391010733628213 0.184046627756710
0.751489888823102 0.292587361984312
0.429931025289524 0.294546237293516
0.255171356757199 0.004294322288780
0.829213710057080 0.583557099866740
0.266440543506728 0.973933438561509
0.768791157427825 0.516216474130051
0.121820199038112 0.561139388097713
0.931634907227357 0.866284860943726
0.082167623682633 0.029894933920913
0.125489078131937 0.822673081551854
0.914949112529600 0.497484873546747
0.932505047778107 0.453865365865800
0.268957782356525 0.744778912805349
0.800871136295640 0.088129975915117
0.623243352825866 0.301692677419493
0.485693839699995 0.449635902976472
0.725811830339210 0.769527014902888
0.770801939737296 0.454070775436161
0.602692202137259 0.170987717169214
0.958808865377765 0.412081357687396
0.414255877043203 0.229039200702338
0.703682281324617 0.014834638466360
0.663214004069220 0.867347276190737
0.378234371749259 0.883224410584295
0.517506873155920 0.897917729459557
0.318360331875551 0.650724300528235
0.301338413197428 0.815638856429013
0.966516250521898 0.519615382833733
0.528898155882997 0.854787927833425
0.148842085165050 0.981292247479386
0.207851976085403 0.979162791271975
0.463499441508217 0.923578778256544
0.523471688965309 0.275351745231440
0.032207282511364 0.661461234117104
0.429313447238153 0.297755951906441
0.672624055471931 0.522372099944062
0.116642844032425 0.274330632072000
0.886137241855867 0.493135882802436
0.812344785274772 0.723612690326005
0.923786561304836 0.092913744913787
0.863844363342008 0.956453684849301
0.592460751754839 0.074960759303264
0.609604508485070 0.139979359620245
0.394171775132495 0.779735949561406
0.105055492028912 0.086647482449190
0.053124298735022 0.962882144722921
0.376349273096738 0.697878547283611
0.478462867886914 0.703818985908796
0.508122644242013 0.039583922680345
0.734992721376146 0.564168937966798
0.536490077746660 0.356019459030858
0.649834480743673 0.509963080593802
0.814777837161687 0.938742088588372
0.269886879947203 0.237549497831528
0.247049441770606 0.659050477098697
0.503136202214603 0.450354129941555
0.543261056110289 0.145140595078203
0.926264263596321 0.322120298753467
0.439925714935765 0.039310263465292
0.921672040185864 0.851979481897456
0.651452941210743 0.505896631676900
0.018948922755331 0.067682963431894
0.169870575657706 0.177233797045725
0.558982434887358 0.065550059327253
0.414423921552701 0.022767816686141
0.573317073441976 0.689165583616552
0.647586478823246 0.205569171402678
0.077034826062942 0.243585237025386
0.020306254376584 0.850833294623306
0.810344321536605 0.017784989132498
0.586849625973089 0.792561996515862
0.832229268173309 0.545316277550430
0.638394804662347 0.787470184749872
0.268921159190102 0.471605764673180
0.744565345625575 0.389263074687269
0.950625263363198 0.616065162911913
0.963383387711714 0.661781790234297
0.631842673989302 0.318152652082963
0.782661732166891 0.176115948256591
0.983795940946350 0.438754604875603
0.489642279142727 0.284633578890542
0.571878832464020 0.451732353726860
0.830727916999014 0.493980607602088
0.586715999009027 0.905205690931927
0.019443811742910 0.869453397193484
0.184331509529932 0.158121069194891
0.378303215251521 0.794749264197255
0.909089544336102 0.704879328674224
0.159041760457436 0.083952114776879
0.822484811715944 0.589273967203332
0.375723469594455 0.396710842277009
0.641524119600654 0.378717908378584
0.806510950670854 0.142920900344813
0.402354426186050 0.920713006896666
0.672430618391563 0.579820086433171
0.907957255186761 0.635743204970966
0.885253662776704 0.602261423059841
0.493142774372292 0.414249004938701
0.171652115204896 0.806027931242383
0.445741618519582 0.280066931722748
0.827078411376804 0.764405128184693
0.759805828888713 0.858694787279753
0.330356025724390 0.099828918487532
0.764795120624169 0.345970078619113
0.558757947776008 0.855278112008740
0.574138052167936 0.111224822799457
0.883388362078227 0.874182300625228
0.227222268853934 0.288707470093176
0.995972563303144 0.382967469164627
0.860781695469881 0.712038542790568
0.920698771170206 0.736962921534217
0.238812864739892 0.328693533509210
0.298544685307136 0.338245600113352
0.494566521823469 0.794982870143166
0.696560801723821 0.063097954403739
0.993824537067273 0.296725735439629
0.390871402152581 0.147108776586295
0.815586616233928 0.766790528895285
0.799693201955384 0.367546280700703
0.464455067569604 0.577901893185921
0.501460976119003 0.535485998277060
0.078419892231142 0.477590365814540
0.563188122378616 0.764275971676491
0.576410947192794 0.001887483312060
0.725479511141480 0.716274550330354
0.901897248664274 0.855345800191357
0.843152891729875 0.046396932023755
0.761978485397753 0.777189430312073
0.864214214276473 0.558858496086424
0.035827082675684 0.226877938982171
0.544971322472820 0.172604338507377
0.332003485770996 0.817092370520418
0.045359395478817 0.651266268759116
0.011081732779743 0.798129138207079
0.526090908397910 0.195089493595681
0.358185832763505 0.054913837133951
0.878031428506864 0.415123752968299
0.489451967761489 0.016323793609481
0.754242191150453 0.914074106895699
0.007095457312723 0.596234547718654
0.146419018707399 0.683558982551777
0.379675685538828 0.786682208537410
0.849996471938134 0.794124438154057
0.517315556781358 0.805759979299576
0.295974978145616 0.402214718917586
0.036047362386280 0.766343942074471
0.392568122899967 0.927401515792953
0.261119544418459 0.676469553968183
0.216055652666051 0.363525252428625
0.106014140992510 0.208156954766677
0.617767815948644 0.079003529466675
0.582088013558388 0.078709776567786
0.072914506823590 0.134413594222974
0.843165149903722 0.076988664400457
0.387012945919966 0.099556811773803
0.350071886289325 0.736887297213933
0.196955839907106 0.587565244499668
0.952019994979181 0.411215251529863
0.556301290169841 0.240211574665767
0.424907875344750 0.031418515881918
0.278155071939584 0.696435099554022
0.281022844047626 0.152045409164635
0.124054367717060 0.155198808236331
0.470292779126826 0.973591560257271
0.373551744240672 0.504143154601078
0.930148470073921 0.913334839064255
0.786736726336835 0.627104276464670
0.809222731164542 0.950997306235444
0.480721591479121 0.426415989354364
0.589526174835794 0.414547756104866
0.781157255624886 0.300016144256476
0.262403424726641 0.091185428728744
0.681133718042328 0.298729715750257
0.175488070178731 0.549521487097362
0.142359015207345 0.955702460928420
0.161038067191548 0.341201742384796
0.107299511321954 0.827810801090453
0.080448078433137 0.313690716096154
0.756003519654108 0.117974490588005
0.975398824123997 0.610663259458850
0.237619063972495 0.357651198501476
0.603017555367111 0.062427321015893
0.834156051227273 0.020392539237237
0.250588306494892 0.576026948772724
0.272831760093511 0.110193818004101
0.374764023918824 0.823152271639278
0.693378023978674 0.222470172194607
0.790897181369081 0.993708749662572
0.597977087965051 0.310844539123640
0.850019331863783 0.633875615789593
0.964032769162490 0.409533195992319
0.284164258331884 0.619708772694200
0.583771879801564 0.858967357127517
0.175143267175541 0.130821150410997
0.609710847433311 0.161389901840296
0.807545333144745 0.083399248498707
0.231310421133424 0.453518558347257
0.003649011290384 0.857791573362198
0.385681488763649 0.724968251909891
0.906096775822393 0.313131208661235
0.413993458918019 0.333976285703319
0.073596695002526 0.019930869128727
0.615275796164695 0.076076930211939
0.185580554403808 0.361316348256893
0.720592528637797 0.046721844375342
0.613661250935847 0.654539597599577
0.413108619618107 0.805445931871497
0.610896584751844 0.726640165725347
0.153355800850562 0.897028773460069
0.894280775164639 0.441599980674462
0.734045041776446 0.614203351803575
0.951548628267221 0.521062777524083
0.185061561975604 0.996816339033343
0.490291807996229 0.626666552704988
0.876817465418627 0.453944322263703
0.065550469767340 0.079263480900097
0.928925894859422 0.068323183885804
0.071457649630384 0.778778695841306
0.321200250046377 0.596548618716595
0.963177949215123 0.858185514374067
0.425270383331969 0.413857737194594
0.787295919542720 0.356051608598490
0.027647313913373 0.168902965453144
0.841973676405893 0.724337052023863
0.298856532957041 0.711781514281494
0.562611736077313 0.301601529525311
0.578299701027105 0.937684403936818
0.534410248166634 0.976504992920181
0.290792829045313 0.548881663850615
0.870142807052133 0.142461965455338
0.788268805086624 0.379360911771884
0.059618551306501 0.701537335931967
0.418920759055164 0.849288736393907
0.796722353377088 0.314146500353854
0.666101840114287 0.320565598021621
0.220587201840917 0.310850887518943
0.770586294144517 0.610096381334867
0.469366596072532 0.683515180109701
0.852335614823106 0.684000774527669
0.438239383353159 0.355320100179491
0.181702568402970 0.603838656026077
0.157692676533996 0.492600220648880
0.915044984410984 0.125027759572087
0.263793514995376 0.966203796621772
0.306010556001244 0.957981721226188
0.619073360451346 0.196047446123165
0.131292208186782 0.594099317030300
0.260813632013338 0.519765405963000
0.828443715755215 0.771585837139957
0.502934939120541 0.914829629233642
0.633383325949197 0.110190475597797
0.198356199869502 0.373243504277632
0.826502784943379 0.179294084469695
0.880604358181209 0.478888296904623
0.048838042293709 0.280384057544058
0.746619237398106 0.769828710482498
0.533547101656950 0.522803910826219
0.217111935364165 0.281359629475474
0.012979149812182 0.350767384282889
0.116500075186115 0.260303111481447
0.007908808884781 0.539977919497101
0.351355823941952 0.417041515814695
0.183047853700521 0.823796197639993
0.334468287715391 0.238998528327843
0.461735939632709 0.731750023272049
0.301034680324073 0.827757191358123
0.632751289509285 0.927282107644768
0.094159507061739 0.441729864382721
0.253470773532409 0.316983268564499
0.958754550928972 0.427272320309916
0.756148335782332 0.470159851596328
0.376096962159987 0.503359958985643
0.797869695207369 0.435435623892608
0.995716354818036 0.428421567406375
0.059780005867821 0.870190593274339
0.276946473782503 0.922651807636450
0.897470818191186 0.508989777188403
0.539390163488207 0.345100723269144
0.471950960230904 0.388757479989439
0.739711607679279 0.032064803172951
0.249415746226833 0.921303496768609
0.441582587253227 0.391780942837913
0.048067805154239 0.857909738497917
0.126274797983363 0.820151000503786
0.131531251454361 0.426036652589961
0.203303372752577 0.253201213063206
0.200941084234110 0.434811549827140
0.823691165681518 0.704207694303037
0.521577785208066 0.943810968334791
0.872837796689611 0.446895125061662
0.834956710514662 0.168752080893964
0.325640717594014 0.600842781612411
0.153570653084648 0.658059159743236
0.483430520753683 0.751208655510251
0.013023335886120 0.415872532983000
0.480445807125627 0.892108639964031
0.265080092000561 0.569919373275672
0.846987962214350 0.421464577996409
0.035201845173743 0.386767024551233
0.847059549682327 0.134861462356220
0.039416684397110 0.922331215443268
0.770204494965164 0.166930454969706
0.057923225674226 0.362113026864833
0.350431843047743 0.611001667936618
0.996608280256260 0.153489875486127
0.009519632362685 0.111245778857959
0.632701066621532 0.361487998571291
0.677658842076069 0.066252054053538
0.837074660920053 0.289814236856141
0.531311722705054 0.208965011827732
0.793244961690591 0.300528198483057
0.106322783864649 0.235129822619942
0.491906182431805 0.938585487634608
0.893734988320804 0.840872636644512
0.569881001965644 0.921586121510126
0.706427528475194 0.999768498250459
0.383652729249539 0.290412326507415
0.816605580673277 0.560726260307355
0.060185654833406 0.033042574270651
0.107336867829037 0.280246444810508
0.151529059587634 0.791679222273767
0.255743445198415 0.216084382102187
0.434739268381875 0.842429976878070
0.271121481935450 0.004077856276925
0.344943119106290 0.397133592543268
0.548175899249306 0.915874711286357
0.506905548919040 0.418522825477428
0.963720633953532 0.752522578371878
0.839253009324047 0.562768679972301
0.444609262379817 0.567359564092248
0.745542975520833 0.567551715764873
0.865325310261130 0.931371061552550
0.977659686661825 0.389157790528843
0.095574852122643 0.955154500934024
0.859554774894050 0.658697107932166
0.511388725667970 0.563860675158514
0.693140638909482 0.575396768994197
0.307655528031909 0.584956308822221
0.333183413013019 0.184019270523085
0.505670356054046 0.053379616244037
0.114331741683245 0.093810249530915
0.636199000288101 0.764636869849864
0.540956070353531 0.087980382477889
0.696720215782592 0.513614620545522
0.409262936545749 0.745578712987588
0.130924331504625 0.645358864292648
0.321187109336889 0.151715089291690
0.259208983375130 0.513798820870017
0.870854106342614 0.007441896220353
0.800827646868097 0.195369797032781
0.136944038060497 0.967206155664566
0.871510864161273 0.336715938003252
0.498077571738254 0.829635294529148
0.114793354591792 0.329130437410057
0.203383016180726 0.286520772961796
0.430944994556457 0.097117052565603
0.576693338635689 0.295215742072829
0.104317405904407 0.664433930241774
0.210360369771599 0.781264439533528
0.998081807293694 0.318206254673143
0.013463200088086 0.300932401579241
0.884748382463518 0.630172107699307
0.519226019463995 0.497408247883729
0.911520572044465 0.813851367678114
0.427750351378019 0.669799453688161
0.661453022372269 0.897404686088254
0.962705549459225 0.540645923043048
0.264544448798452 0.974175990691920
0.254410212090250 0.355526690583332
0.537312337767121 0.356388242298407
0.626776665259492 0.777437034731283
0.185059141777349 0.802189302034126
0.361879225612723 0.648964237196293
0.687954465768608 0.112220721025690
0.243446670851552 0.586892362585648
0.610221573208860 0.299109413825162
0.939367590661899 0.546717686594600
0.721130577126306 0.221757972651554
0.073337093165680 0.948657844491116
0.497164701989003 0.046037084944657
0.657062181177054 0.692089939892363
0.286640245120276 0.144458557169710
0.406981585357371 0.401953362960493
0.661224794800134 0.079635724134123
0.353246108368578 0.548505925537004
0.253212204169398 0.129812934066060
0.063743452800713 0.660922404719756
0.683077356669196 0.409473857166586
0.752240935395735 0.715576495760723
0.018747027368742 0.014013489608566
0.517259209012342 0.921449228425903
0.576188125391139 0.774686652963539
0.967077841996723 0.547957607995363
0.770327853572075 0.148521364990722
0.526314110514148 0.144599419210656
0.155985061130561 0.487612362206854
0.790804248735404 0.487161469018764
0.760405432471315 0.433186767753349
0.400056174711188 0.851840234009277
0.302157966594490 0.462060196270809
0.030331698998629 0.766475190837755
0.915563655541939 0.676578379751118
0.276454681947041 0.217197026149757
0.555491646737625 0.773865730989854
0.386731694673063 0.399144001154332
0.344272087175323 0.756178953870427
0.042909717967122 0.491501981798295
0.740639146535410 0.351390400340179
0.635885410295286 0.609974505266091
0.560031373294359 0.301102451994732
0.777918780303931 0.043891285372972
0.556241072643807 0.643620635559493
0.113393735734923 0.120514900686439
0.486318049223935 0.869989674862932
0.842706699340956 0.555707177489529
0.323797381018939 0.363523803378933
0.757653728666775 0.947967931908302
0.559734914685245 0.846738250406941
0.001725352054623 0.151960985298252
0.336697956690455 0.654316506342103
0.215007979045764 0.627993047012595
0.497773266717513 0.526723417124019
0.200929069013703 0.505513477017176
0.500817913276349 0.276301780486967
0.760872825279632 0.021553968228252
0.547593031736255 0.116165685136822
0.882732234987344 0.199128732279305
0.208084348215028 0.661931341961453
0.040751842356824 0.115967951880592
0.282227497313570 0.617301804046140
0.966555378621890 0.880557783241519
0.634420339741339 0.936749306089809
0.885040951406421 0.480312912581897
0.260618275107654 0.822015112778738
0.873865737447581 0.995808285128090
0.903472765120139 0.253873344196029
0.701531161165629 0.285348709452723
0.117887381791558 0.886581827195117
0.226618750137526 0.135756538211703
0.807529867725166 0.039669873064752
0.199515372788076 0.048108910788858
0.902252181167077 0.210188945778837
0.098006737951493 0.281258023047359
0.027035368543617 0.998279130587246
0.449405444732922 0.511319103994445
0.724989724136516 0.589880724053009
0.944420877109626 0.481912599598693
0.040104580307629 0.972646814429266
0.531765598990773 0.317798238559533
0.039856699104784 0.874589405496158
0.597532895391995 0.753640912051709
0.163449610405699 0.009718085114326
0.279668983784569 0.389999001847356
0.118371074999155 0.590906749821138
0.945402497851540 0.230228008394419
0.416119177830473 0.227450662513248
0.868282676789322 0.174843722920189
0.537361969854116 0.263252530677051
0.181517111398503 0.853990440885913
0.147459899347938 0.331302839485265
0.255588532604756 0.164011886125448
0.745193670686429 0.401096327570998
0.750669886088683 0.140723281176450
0.620704816013605 0.877852955397025
0.728145016963662 0.349835518702900
0.023070285453794 0.375888553101619
0.370582326806772 0.804082995827110
0.993595709746920 0.633206294825813
0.055797125936238 0.526958854509613
0.407827317900660 0.660357509687837
0.758177828453237 0.274562817156286
0.387445286563286 0.623846140437836
0.009240165912585 0.599918187946229
0.392616161796841 0.152828275323725
0.939412406369623 0.398216413600535
0.986045724020870 0.727584565368296
0.244343948731219 0.306798700160781
0.471887932032375 0.559219683551681
0.271568649241564 0.850286576473431
0.355829383810104 0.902269865457436
0.807143140482890 0.019123866139854
0.847082964350374 0.055376009298127
0.556919476787044 0.048894764562854
0.428688492516859 0.399906388032645
0.763400832447613 0.528134262016208
0.859431991399389 0.702389305388956
0.876667632611630 0.603948052087013
0.838859539333113 0.563843367018167
0.706650707615767 0.977611731379943
0.966275498250405 0.337568561804661
0.024067367878358 0.586419507714129
0.555279067086260 0.056688722228158
0.148624729690133 0.353405081721823
0.327307332115194 0.913712250890591
0.665634551647791 0.153158438407392
0.000816732020719 0.616604276162474
0.045972152702800 0.189813888194015
0.317148972553591 0.509340393329350
0.609351313358652 0.312386667361132
0.099792137339650 0.689638577128899
0.967176457768881 0.402986285244238
0.530660395345410 0.482542119494911
0.808771654470223 0.865037048821823
0.945181621414249 0.535753521240897
0.653576141770811 0.411487271154491
0.097394316294168 0.491095404887860
0.981934052780510 0.807090530620905
0.026921200194596 0.656201133477953
0.978395837835297 0.954193651909525
0.371599397961030 0.351514917018426
0.973987652903591 0.728068049169400
0.212711971389434 0.639906603500017
0.557693938265879 0.265671903557077
0.314179436564165 0.959684436369882
0.242437895056771 0.990833381476827
0.922734157597086 0.776514063063006
0.517132939022819 0.519195116737914
0.133013970480877 0.745729930369998
0.093918153289208 0.727863365604240
0.189676237515926 0.033751014462361
0.168478832875488 0.697555444108755
0.998047156224357 0.385789541837467
0.551393376863697 0.939141591762154
0.545485036942812 0.246768098017284
0.599735688362582 0.301828221786684
0.897550971730607 0.743336950810576
0.980702253769192 0.226831908407964
0.926243519260531 0.617109981362781
0.432821778938230 0.558243894965497
0.951968944626868 0.262714095553581
0.855343897526328 0.951887927510003
0.036582020462806 0.868973961704594
0.252693526099198 0.033324179602901
0.751746636680464 0.287529659493984
0.288415419801348 0.847754955289244
0.865029646066159 0.660412443783758
0.461823300496293 0.817438627581912
0.535555298166210 0.026579466348359
0.210606710365652 0.376320152626158
0.291711686715896 0.097135385516960
0.563937635397815 0.686937826079706
0.275314781790300 0.139945212541676
0.323158526146052 0.361267880434971
0.979799583571003 0.446569268940212
0.130921769848271 0.905019599712940
0.984422062853571 0.167927641924864
0.204690203452368 0.683995758521358
0.992119575946680 0.399828487256346
0.956797142945455 0.571484170521300
0.815591522347278 0.275470316224079
0.200803326095461 0.077248132455467
0.824326167418540 0.479255742866724
0.152677704425017 0.681534934930963
0.764713287510249 0.034730451304867
0.975367387810838 0.301623110275698
0.796046952649148 0.439187369539440
0.186611655525061 0.303780835111460
0.047136002607351 0.218453144048039
0.852393982866607 0.240109319662721
0.991404814481037 0.757600240649613
0.122214537473952 0.537596574085677
0.462780004083188 0.826804692510653
0.327405540919185 0.695808718762511
0.190323742984226 0.566295975478383
0.560000110210518 0.159997091590766
0.316487503818976 0.820321997270596
0.377204938829845 0.928001723056617
0.482024814993631 0.617279232166072
0.035315437868735 0.122182363785174
0.710015568381967 0.281633739177557
0.446952296078163 0.211710824996227
0.502117967426178 0.132986104779924
0.876785811522778 0.305908921447810
0.272078773666873 0.978609807318858
0.243455055517440 0.955918991149991
0.484696691508882 0.638018556275132
0.779176618628549 0.199844261523284
0.642847062048344 0.551595275919938
0.713577827471522 0.165599170044366
0.570841050239708 0.120041880835612
0.594577677898829 0.406060375295880
0.279305659092193 0.797385053810667
0.836677987159384 0.282711038984252
0.064935810936343 0.117500717591294
0.095816664760437 0.136822828816509
0.397882986726361 0.772595423220921
0.109973406589344 0.691321181471638
0.580209743395221 0.581810273922282
0.716007853935705 0.111831253786863
0.120752841323453 0.689088986417346
0.855748735592382 0.422003277995456
0.264902316722361 0.611678824239018
0.518142215700784 0.516068034702305
0.142217257883574 0.824108916569776
0.729306039441708 0.840674121830751
0.550464106128707 0.407217941283137
0.898625487243850 0.928410908896681
0.481576008394331 0.917779009007512
0.056566543004196 0.357022020268617
0.113197194905583 0.041496414079433
0.778669950201926 0.381166198235359
0.138889371623557 0.780625690024219
0.880229445333008 0.437683743092300
0.990741726410754 0.897194376638853
0.287446766767401 0.960678456154918
0.720040070267578 0.083778278225998
0.843394040556967 0.459326183840145
0.044814794423163 0.866013728202807
0.190904642695844 0.609173271147525
0.347500886050695 0.554503663031959
0.289551459153305 0.186789111737619
0.211608266281093 0.658501197765353
0.570161244923114 0.037989077443653
0.423213885951604 0.049731702772417
0.207852511328477 0.911445231993169
0.231251332281054 0.821940170916460
0.503373715818065 0.912354378715045
0.059988090527406 0.230227752863238
0.902557328195500 0.534933671569806
0.797744293795749 0.313967758402762
0.754994376502719 0.717866704938163
0.247820988519687 0.808068067707869
0.515573617748637 0.133423383798665
0.320769897678482 0.729573038184506
0.726317879309825 0.968829462370859
0.071551034187142 0.590075164808430
0.780989506995342 0.787562492088884
0.740788200421147 0.529133017440322
0.171226266888120 0.668602855221482
0.546246688011411 0.789868395548517
0.640507183749282 0.713269984143667
0.088821500601157 0.865142447464200
0.431037937254890 0.182125404041607
