0.256283406032019 0.003465237239963
0.183787200158984 0.308398454760190
0.136189746064217 0.198638071089669
0.243685997007333 0.867997983001474
0.770602348294466 0.452016488022799
0.403351666661219 0.910329339454090
0.428642443938625 0.655273936867212
0.587097616859278 0.866225320854405
0.870032484546043 0.540937915083082
0.406034934826987 0.589825732338488
0.246884028343850 0.884661930277301
0.650049753819515 0.415751910456930
0.911488609449060 0.205487976323941
0.924751579656648 0.563713552960674
0.130752605183503 0.672015698506228
0.030224592452637 0.448561379218013
0.814361894312783 0.599152849515787
0.237985018551722 0.708682766491115
0.626458411901835 0.003128296517923
0.838366788451033 0.926769665095220
0.269554739939112 0.171707573317168
0.202629328574748 0.084371054661512
0.304609305893399 0.102058651691181
0.132400709785388 0.765275457686114
0.602629540816106 0.960472813348855
0.453639905845719 0.002651070255441
0.410865471243005 0.426154265267861
0.653122572497915 0.451004689809335
0.060602325732858 0.895548954605149
0.852524573829811 0.256402656991952
0.543754876976242 0.044191719648276
0.568498245290681 0.597030656993474
0.541912809858630 0.169808241735070
0.516706259258173 0.371051137245687
0.004180651197097 0.073415998051106
0.183598648176108 0.919850839377632
0.039101845711503 0.974426705730306
0.011788581666170 0.992152892981699
0.711151494510996 0.101260073815332
0.823203198967054 0.378101563857508
0.313727666498411 0.150736695410140
0.538755318828647 0.772309647822325
0.828266617484790 0.767525872719074
0.344103314829930 0.460992214280262
0.573052259429096 0.559181551074550
0.198135444253906 0.370692608569084
0.495486198882125 0.932807909130645
0.984136623843949 0.864739598530771
0.168028837802777 0.216153529288345
0.663164542553751 0.428457643128950
0.310718812172806 0.108940900532372
0.504983573414980 0.045284306972412
0.582121935734566 0.499496374606511
0.843974246697262 0.633332913938281
0.455757033121454 0.077252519671469
0.835757276751627 0.385569857349477
0.230491250782631 0.973453654654192
0.374840525317357 0.236660106580874
0.611092281073288 0.870402506922128
0.674418336406076 0.965666289251019
0.839070616782104 0.633843978700013
0.006522605638861 0.636170397021922
0.054140516524246 0.543589637389230
0.754045374328611 0.174019010693816
0.423072926672917 0.624244834534351
0.235723129229140 0.887776766540930
0.585409661328778 0.410907415160568
0.730992955284283 0.648104641880621
0.134452991124614 0.723965649701207
0.753701482602185 0.259663457608085
0.177140297077310 0.672630026490877
0.901967774641659 0.282774591636184
0.497858832370341 0.158591938555146
0.546070922228990 0.191954142534220
0.488950604854233 0.609209819205340
0.207054819733884 0.294568059423128
0.804603168085065 0.533881238049518
0.725811219918235 0.275239993019648
0.645017094457854 0.767767221707670
0.225724204438627 0.580275429408175
0.684186173316096 0.943792626672190
0.431527798297419 0.111248797748914
0.917322183150706 0.816854882970503
0.122850408528885 0.858033458908159
0.122900612199289 0.553430477280940
0.372988732181169 0.168936413014274
0.209499851646687 0.995276715925203
0.751774926915015 0.329233384148515
0.449050926657897 0.207684290408815
0.855970861228349 0.999281924482968
0.485810817383040 0.330743498968944
0.371443531338756 0.849523382916580
0.054317232256423 0.866345385451466
0.368446128904378 0.422067618826566
0.539778221815642 0.054146187392740
0.684649589223862 0.847186375481368
0.870795562537281 0.916482035536443
0.060139639019523 0.547925076272236
0.747015323939671 0.885228060457078
0.154414649694680 0.477174655516220