2
2
1000
0.203345946352818 0.712921522760849 
0.640081269525800 0.469053903677397 
0.664549320151206 0.469940076849717 
0.103040896238062 0.604001424423090 
0.006555602560431 0.300767876785993 
0.355330767122621 0.958123242532643 
0.696846214009909 0.301009308345695 
0.090243976450008 0.054951622497176 
0.519580731323092 0.277445117059387 
0.471766391678974 0.296701465095807 
0.602630950768379 0.731022238311544 
0.239623596899927 0.851753962040822 
0.998628105582984 0.285160621188217 
0.584847956641052 0.978500359642534 
0.166367224449281 0.566121979864661 
0.769651299177507 0.923638228817217 
0.367858219209731 0.281442117317342 
0.587459057890541 0.850395050341642 
0.821508072814946 0.387937416502677 
0.537281609511320 0.475786585898070 
0.433364041632729 0.792552739013693 
0.021169275852223 0.225900759880645 
0.066043359647248 0.987326766052876 
0.964317878388229 0.754330148933119 
0.598919731084025 0.384008185065955 
0.004461390866768 0.611259364491056 
0.483332666044169 0.884363721596271 
0.800509180356201 0.699345993982511 
0.103030766988887 0.398977316679793 
0.069955535233122 0.907417171642599 
0.012755336254865 0.610347459005749 
0.680409200899818 0.974135910834545 
0.046816488929284 0.265346932227711 
0.492661046759666 0.201174981871713 
0.364708384219069 0.677617968375773 
0.681028815863406 0.109068129049570 
0.732256465464493 0.922232789641287 
0.941287284126873 0.508791842661728 
0.724484088289017 0.412957768015054 
0.337313267959333 0.748263352004280 
0.080331866498583 0.166717326032232 
0.534644966112756 0.085323548389534 
0.139557957947995 0.080361108102385 
0.822475221153326 0.237406154813832 
0.148593031510994 0.971595928563177 
0.635168959707725 0.162977391113649 
0.234818803146156 0.968952400679895 
0.250215171159043 0.040963267670545 
0.017684712813757 0.074912586134245 
0.961593997213735 0.231764178965618 
0.150271865739176 0.371834618005456 
0.305860232063424 0.727089703619080 
0.566359910480100 0.392066351223221 
0.852814329310752 0.225728855556301 
0.845746274263816 0.631649179871676 
0.663452650655209 0.508504244856244 
0.904513934570171 0.051270044942406 
0.764958935746434 0.228041132039728 
0.167138280724872 0.678628481695134 
0.895819269643809 0.577615358334057 
0.483769469737600 0.103142016251769 
0.333713084565229 0.558226966057204 
0.318721339461897 0.736922487125737 
0.834653194483365 0.724178808885046 
0.155144434304812 0.205212574656011 
0.583917898785677 0.354822723887432 
0.636054285604503 0.124980231506072 
0.587638922242102 0.973768361023375 
0.693333401440242 0.832126227700117 
0.118478848102004 0.016732658859649 
0.804018874350300 0.325768025009059 
0.669652164880053 0.235340666277437 
0.557134173359694 0.812320932809070 
0.368614712760072 0.116571475300327 
0.914518184443436 0.752605194333209 
0.955065707331657 0.196175600547621 
0.905550536955288 0.241965695951984 
0.237478123448290 0.649272901643077 
0.008366647898916 0.886398712199542 
0.408192316689464 0.952473409115215 
0.139102575707435 0.076937644719949 
0.719178784769314 0.729245587486889 
0.995903380713986 0.710058127224153 
0.798896244051130 0.113889826938617 
0.485875782350098 0.953619975353059 
0.325240955519679 0.099357732520082 
0.100859792678619 0.615871837936711 
0.860404417282325 0.370290345598284 
0.401840131077949 0.039301938558829 
0.400526107078719 0.065031501324786 
0.222013098872324 0.211626056463628 
0.596348545882757 0.759005144703887 
0.804970420820908 0.962962062491791 
0.660652370386796 0.716728550022936 
0.857156286276213 0.701247662108373 
0.694069377768986 0.120865598354786 
0.412699249540338 0.127216053407956 
0.532941521450844 0.554107934845434 
0.483916687078769 0.765752297798272 
0.251214604832699 0.483303792510900 
0.702233580895119 0.952210296692453 
0.132925361726412 0.875137646629079 
0.541953689752517 0.120278887278510 
0.272661277108506 0.358796418350503 
0.263266419694034 0.852242704247838 
0.958442235863629 0.543440974267695 
0.411067091279526 0.172991784461638 
0.644794259662859 0.196934008085442 
0.562614892758845 0.995891495665250 
0.633355088680866 0.997158993276123 
0.029747403913895 0.461631859473194 
0.544171942215403 0.478396885760894 
0.390315558710489 0.150433890133910 
0.282922586164465 0.612610479351042 
0.048699373990009 0.793497725351141 
0.487610266217807 0.189119313600215 
0.506708697788168 0.161335318862891 
0.372854113762461 0.786030312119303 
0.663869750493230 0.264638536599606 
0.480716644479835 0.662922647628456 
0.260042606379480 0.867590874200309 
0.094080154418910 0.346667840321089 
0.523510806770961 0.584039258080828 
0.971904622000852 0.030899050190322 
0.194129058775454 0.503699925598858 
0.625269269398693 0.164526325772642 
0.353810675452491 0.378580081314942 
0.568921009558738 0.765827087186208 
0.915581415314083 0.889055417447147 
0.855122938480241 0.066024751091365 
0.197621947801514 0.404550730209329 
0.724916182252186 0.059900034935775 
0.740166382964020 0.955528860872139 
0.396479370807351 0.420863294792553 
0.410819515613315 0.841501504650499 
0.851089326702450 0.024048693879278 
0.887800900061427 0.414032392971150 
0.974257878253651 0.013373527772555 
0.810819159034599 0.094211826332002 
0.562939485572695 0.947139526575522 
0.245725158702260 0.610839191250160 
0.519274512808967 0.061634895557945 
0.621788029781306 0.778557650963569 
0.017153892538364 0.103329611732862 
0.969383348261661 0.874443385758901 
0.549960761006823 0.497638413675650 
0.111078212757417 0.817059263743626 
0.546164796544031 0.845859507403595 
0.440542917475915 0.903740838655876 
0.674016302376108 0.871779118171844 
0.061414731616942 0.819890308150334 
0.047405843797028 0.975565522528748 
0.352184080119671 0.998311851737374 
0.292027066142641 0.494958295492122 
0.473369233426139 0.177129602186188 
0.834299566510619 0.622392169588649 
0.939690473472585 0.181587313224668 
0.835079734724657 0.681576743178112 
0.142650442296703 0.538036778395851 
0.906007009594118 0.128186752031685 
0.627872329529661 0.517679292189397 
0.118404367832218 0.206700584781945 
0.006742952423077 0.603133234737019 
0.842970872939337 0.669056583565168 
0.613353448129027 0.172657495053779 
0.643075841229165 0.340680629683421 
0.405425130019658 0.404869425173425 
0.785283207951376 0.605570651419677 
0.151853279797378 0.021052778810155 
0.927805811220499 0.074506451033987 
0.649698014966031 0.502659820607583 
0.200909351446932 0.799086690057364 
0.569895042408369 0.848368859725049 
0.202856085188329 0.399176805811737 
0.543655850094971 0.768066799990368 
0.400798681082707 0.382485112357161 
0.270471559433789 0.450383732547193 
0.048104937875930 0.752367175330767 
0.753829808556360 0.685914764972150 
0.007914255416732 0.723590623186336 
0.252199900345021 0.180021767621350 
0.807297529414525 0.995676221552454 
0.170536210293452 0.347115670877330 
0.837211781204139 0.569563506283711 
0.911495773337104 0.742577918971014 
0.860511614615031 0.535731810882108 
0.655760283974574 0.558987125805976 
0.893599799666836 0.610541029384389 
0.147299488540401 0.290075197016312 
0.086869692068833 0.452438303941037 
0.822106832471901 0.748844585920542 
0.444911959021729 0.950810757345630 
0.037884345034644 0.115536712330334 
0.099529356274508 0.747646157878240 
0.737349148803056 0.586648597555677 
0.376922765818041 0.225796881305385 
0.609278596728678 0.497953540957753 
0.084982308430570 0.077525249139117 
0.699107145746393 0.502488517351562 
0.287438002743326 0.353140705432623 
0.464832766842090 0.498729591039098 
0.328693945573368 0.581922866397868 
0.474186336618357 0.524683906917952 
0.026491257602807 0.156156540861988 
0.295462922159658 0.760384818122086 
0.759114527592564 0.673988012538969 
0.647108518665073 0.114284802261354 
0.639677445657823 0.347944647560831 
0.540101803454695 0.608297946551634 
0.092093059492387 0.903342898339177 
0.972365714600168 0.921752330153992 
0.921654911589049 0.614441825520628 
0.715888281691166 0.006270021968221 
0.407725328015329 0.256083229482540 
0.874928484511304 0.641600402290442 
0.036847298744079 0.784691363076053 
0.187627282269825 0.166690019361435 
0.241667341755188 0.504888162109282 
0.493539902897098 0.390780548006418 
0.914376183339161 0.326613547240771 
0.396050654378832 0.866083734850840 
0.522945144489561 0.472521580685115 
0.911326365210977 0.286590251327157 
0.374256056155459 0.656557944674290 
0.814410777536809 0.766827207992732 
0.940292735146411 0.322005491435453 
0.468256600630030 0.149886741361201 
0.191882835664132 0.000918337793980 
0.152937807071889 0.295806029444786 
0.569048788463343 0.236747267087470 
0.299980033073657 0.509387041391232 
0.557846846920106 0.798092396364542 
0.580691925941606 0.880801579621500 
0.840643947007112 0.103901662824337 
0.497575889541830 0.332835830797022 
0.640101979150043 0.879066454988954 
0.984342003826114 0.595385650029971 
0.186709579777669 0.064248869808018 
0.532743996632078 0.160822111426656 
0.205521934022638 0.914907186260545 
0.533401621117620 0.513104589776471 
0.939839278875381 0.041870010462694 
0.842968999581148 0.569026135693541 
0.507874986954118 0.869441188200739 
0.071453970497239 0.321734302273472 
0.323034727063193 0.616901304622283 
0.721188669018963 0.134677699774078 
0.899248404405060 0.445403955367142 
0.102896720382035 0.998387152681209 
0.609866574403027 0.854647930754521 
0.904498186243028 0.333007162325943 
0.871953902268508 0.762339155398968 
0.394738196471239 0.596252371883762 
0.787382053655745 0.954339191344684 
0.506420960442195 0.039470359157102 
0.487945161645621 0.754529792143210 
0.462975943322697 0.443750831269211 
0.303790531417483 0.830805894892716 
0.187277965535481 0.563528662506785 
0.402779003175690 0.027242214381418 
0.463089327662322 0.306885781564441 
0.732957852963789 0.992361392243458 
0.707186097900793 0.389765601237695 
0.941151094655719 0.159564514047609 
0.254176895180316 0.315570437444719 
0.437741281271385 0.328167559683391 
0.256217520307506 0.052120955324572 
0.931037696258833 0.692120310210079 
0.656270075461725 0.704714112927340 
0.564195970145359 0.668366741840470 
0.206250619987626 0.817023971906372 
0.253474593758238 0.287939261541943 
0.170354505598627 0.670847692411918 
0.948684093918801 0.230261207590794 
0.179044330092631 0.101206564133114 
0.315004537801444 0.804765728236295 
0.680630038140287 0.895070000815568 
0.769918311260150 0.313821124558103 
0.575066718142226 0.799978117722925 
0.899824242783937 0.267086397099567 
0.908540666675691 0.533096282348674 
0.027970394982616 0.859802434046487 
0.957609225633639 0.951742908021358 
0.108662583741991 0.976158640956279 
0.638106023300656 0.723189777684769 
0.182276459521808 0.733755803355676 
0.936717842397304 0.414541342696580 
0.341420754241134 0.246320522956315 
0.982085033063407 0.912758123160282 
0.530670117164812 0.849208000066361 
0.447472443405389 0.480396517150256 
0.530606031130579 0.505863747531316 
0.208503595707663 0.554395330789688 
0.161474570013761 0.493296857794360 
0.567145444959106 0.603247186019002 
0.082590199712737 0.750750937977922 
0.897077170379772 0.972150901368455 
0.560685169932820 0.468141051341193 
0.265771134621162 0.666248287668947 
0.233723979724341 0.589458326347621 
0.445059694034661 0.448807283934745 
0.206273475813372 0.911226096609046 
0.734657003182635 0.464220505037902 
0.778338513128888 0.367225198368005 
0.192049940175168 0.834946764475682 
0.731644183944125 0.908087547338534 
0.187367993446373 0.327030007178236 
0.375665559590694 0.107991380240901 
0.683286756110081 0.230589302622948 
0.490276147085448 0.260573005202903 
0.277715433700455 0.059679564282331 
0.892707110453029 0.262303908876480 
0.840964128903261 0.540182332168305 
0.603578656868990 0.023963863163034 
0.529281280091172 0.624892307203575 
0.490086283157431 0.499474209661724 
0.063097838574156 0.951723857879271 
0.823994361584061 0.676238108044239 
0.421009577330103 0.243969525420444 
0.407909990859832 0.032266960575251 
0.519474253841285 0.640800065611235 
0.795380075928228 0.032755735538553 
0.023395858802283 0.841703558389801 
0.658675584456746 0.212402078505588 
0.164213230134701 0.250318949559598 
0.542696534408640 0.269647455393021 
0.329806000629273 0.011127151885208 
0.084251805314930 0.385150760715748 
0.234475762026546 0.946720659558151 
0.273038561038371 0.669188470955669 
0.677455779745342 0.923880386420462 
0.483965761630040 0.241307203575681 
0.254848133738866 0.103446392642255 
0.820036878377652 0.950438405720418 
0.902582136450521 0.861976735618645 
0.770827376844207 0.154816909153747 
0.816933346537676 0.912446807454501 
0.313662574078851 0.298428334028213 
0.124337845984154 0.296749071054266 
0.362921898010387 0.244343000623099 
0.653681618826519 0.474511092807437 
0.907465872668178 0.455176741074245 
0.301940413318182 0.690757298088666 
0.267002471326940 0.147051971164161 
0.777990566385129 0.169198287379216 
0.645279984853820 0.485815138410544 
0.959606620042310 0.448438506281466 
0.561313365279723 0.742899549711639 
0.705106970325163 0.355151735987604 
0.799421823654496 0.083104899323500 
0.723804036729196 0.691281087930246 
0.234675662350633 0.317698696823105 
0.028360762560365 0.701578182560638 
0.262420307484093 0.523626315947076 
0.567350579474512 0.783304147905494 
0.588866275401374 0.903250302258884 
0.867763099110214 0.701672646019709 
0.824303853221837 0.638921509546490 
0.904893610264546 0.782623174045255 
0.661321625403640 0.782818277175308 
0.960999128682669 0.168770378027684 
0.417478248790259 0.414871935062814 
0.934299518305152 0.244883477541057 
0.375197455022662 0.400230096808828 
0.416347319404495 0.766006981762597 
0.661225994180330 0.082592208210810 
0.868485304316464 0.054342484338239 
0.373815555931801 0.160884032067619 
0.397056077804652 0.870268325945676 
0.287858516512877 0.814121197386129 
0.952223276290534 0.208382409333993 
0.746529383554008 0.862944401579639 
0.256709336654708 0.321210998008093 
0.282552579043649 0.386191683991108 
0.408450117945989 0.731233969713182 
0.103038867721257 0.747006134767867 
0.895111927728159 0.856135042383917 
0.818901790512228 0.425360077327650 
0.708611639542545 0.142693257801070 
0.703186653718111 0.402509731632501 
0.354226483137819 0.281489809770044 
0.322214914721797 0.097776973576388 
0.811574435036561 0.157612064694609 
0.599266208860370 0.019187887459108 
0.923692658961447 0.681794462174904 
0.242591953805153 0.356880290879771 
0.265635568975973 0.541943752699674 
0.997873529886086 0.721825397123728 
0.275460238550244 0.216754205465888 
0.369809205875102 0.112291926510448 
0.318161837490739 0.301125332914313 
0.298333623917369 0.976612914309927 
0.397067170000706 0.307353756984385 
0.772044784604667 0.933199317965318 
0.427389540512627 0.626577346796545 
0.514732760662765 0.307376545387250 
0.343093938722288 0.261708799563401 
0.690475659874222 0.149503099835785 
0.820916168019459 0.276102513530544 
0.038588063499434 0.809963875617816 
0.074325500944706 0.641457294595114 
0.971777565469960 0.464012052030051 
0.995415302516064 0.313964779282655 
0.949185623369411 0.203068280780627 
0.904151799117718 0.919471398032746 
0.870558929828335 0.438966777067164 
0.302105835073272 0.386429603501220 
0.328618054928659 0.403772248540211 
0.321738584236128 0.229671546500297 
0.303760198162651 0.470173220062259 
0.012506819488935 0.958546961889451 
0.288553371787205 0.866091242274203 
0.211499156260908 0.259723718164861 
0.889049694515844 0.112027193451230 
0.509009352464952 0.187958385493081 
0.665765690497125 0.170799450084672 
0.738399008439500 0.587401353588660 
0.349247414427367 0.866711444757361 
0.494796394582353 0.361508971639634 
0.593459751885383 0.604818288606122 
0.418623919640984 0.011393097677729 
0.114807695592565 0.800846138875520 
0.367642150936404 0.070446095952989 
0.405419821542355 0.718449294907627 
0.145143234639998 0.677337438162439 
0.206392417972760 0.602874375132815 
0.152122097577168 0.549985455706270 
0.580014846304330 0.098732477267701 
0.187699390555163 0.049865841311053 
0.729565717987332 0.944463737261201 
0.634764698922754 0.859026374902406 
0.681090540299535 0.847211393040902 
0.436754870582354 0.031435199541189 
0.563641503167574 0.259205146363649 
0.596676535590047 0.825797098202952 
0.502780195439578 0.500386255362793 
0.410928157318636 0.778731422598363 
0.076715072278570 0.301890469494760 
0.288171671743318 0.935211519806779 
0.875264912277610 0.381136195351203 
0.797449367628297 0.017424681492706 
0.948910164541784 0.101649908068306 
0.539936705734027 0.583718588489263 
0.838515068466835 0.619392048605649 
0.545167461721770 0.906058278424038 
0.435872318281503 0.172230492052698 
0.155262653507170 0.377425767848377 
0.141043832499378 0.330340964026222 
0.779639835058742 0.749851838150925 
0.654540406520206 0.092696920233688 
0.477875160701562 0.399277517296833 
0.270704145078370 0.688443868477655 
0.059835612051537 0.115200548164731 
0.723227028680340 0.821836154461706 
0.279893857643269 0.621070195198409 
0.474560415387515 0.885547211979760 
0.745984157985233 0.145651090970227 
0.838039245937956 0.359546613282375 
0.364452539424107 0.886084833975350 
0.474866242852291 0.211370332423745 
0.498099703447492 0.130136301307584 
0.617671017388513 0.618493782649514 
0.527511186430090 0.138118555285631 
0.838179284997177 0.744649290800899 
0.174713471024708 0.624249005352787 
0.298598384986056 0.619312977360481 
0.773391127532127 0.822696395471936 
0.204644544740152 0.393218940626258 
0.651344697746350 0.675336888466780 
0.612708727163177 0.372640765439353 
0.928564592271871 0.636244450942172 
0.834477413795702 0.271314149598950 
0.328241592856806 0.952199347719291 
0.429395389863278 0.061256347901350 
0.048229902100933 0.049005733703762 
0.178677752978165 0.652371497597574 
0.346923602044867 0.830167602062939 
0.494148888232673 0.385613817528124 
0.260203584259277 0.277479892580685 
0.431006010800502 0.985612644723819 
0.785056084765400 0.732349396363157 
0.845675875945352 0.186047177683181 
0.940660606196945 0.632168182884943 
0.268252877227189 0.714690849954844 
0.349188976948997 0.277819520005510 
0.743577380881732 0.704928486003531 
0.366254021575510 0.416404847522006 
0.235833734746625 0.886681647853118 
0.334890240260359 0.037537349626049 
0.188617094352297 0.102061324371784 
0.237145263006303 0.802056150740855 
0.485738904432842 0.789698903123933 
0.873805707454116 0.948772673939169 
0.367611458456610 0.086589997257699 
0.715476260803102 0.357868339266913 
0.823871239734578 0.107417824163970 
0.737176490067267 0.688821136868516 
0.604972584637752 0.778706399063072 
0.873814824072023 0.156245779479055 
0.273802013507418 0.328785790312704 
0.215344954499928 0.558790415394355 
0.652935070019842 0.164435258032788 
0.698104351657568 0.634240523017239 
0.613976762785765 0.401202432388989 
0.842781036220598 0.678238445971212 
0.402498348085723 0.756779451496754 
0.039649123003061 0.634534616537181 
0.595401820743545 0.865450365116987 
0.988159443662223 0.541445031996029 
0.347115528523756 0.326506211764251 
0.160666646226383 0.302196206832941 
0.796843222692106 0.960657407526761 
0.579019737612079 0.236097945014981 
0.381160057327003 0.815855880182523 
0.767937993094235 0.762990898604865 
0.324569006136878 0.437571995407501 
0.480539904717008 0.875174740390492 
0.765201472348704 0.798454259649121 
0.679087620547607 0.759029542753633 
0.813666286267467 0.068432733657401 
0.297955179939020 0.042801824799658 
0.340121563045594 0.098709634493977 
0.516023794726189 0.667533666608692 
0.437964164155616 0.091713472233208 
0.622152893044976 0.304871661009528 
0.322101948842641 0.433976171122393 
0.070070901077566 0.578499910236330 
0.885593975695605 0.080025054709122 
0.987975071613643 0.085199535541723 
0.260514690324547 0.192764522465741 
0.233324987466928 0.357044449267692 
0.507217871506288 0.969455220005620 
0.064759672501366 0.458001273860737 
0.990746821027738 0.712281073959599 
0.640763578003984 0.866209163272747 
0.093957273082238 0.238627515725244 
0.848651883677019 0.657472814608359 
0.663990272477148 0.668577034075730 
0.417641186459191 0.776010090536261 
0.992052038951015 0.475760875019275 
0.876216599335466 0.355253154178409 
0.186028430418799 0.442588725171221 
0.676701768151663 0.634510129427458 
0.511282117092016 0.822010856983371 
0.728883651761233 0.006551908430367 
0.647050414912887 0.575350121219016 
0.659739233707081 0.126696743286263 
0.834182465219866 0.029373911933430 
0.347756493069693 0.815722637757636 
0.574524538305216 0.675659099941867 
0.668037420030131 0.696946159631229 
0.883082679911681 0.121435813120814 
0.928316185968932 0.122063145056114 
0.091162026291089 0.393478463364506 
0.176220694043890 0.960855275097463 
0.852002734579344 0.895245668392239 
0.414551448823675 0.256624183381462 
0.310002403935453 0.322353142152010 
0.774046398276150 0.582222287523071 
0.360435723373750 0.752596645902893 
0.862046368295286 0.170807641279703 
0.548651594610492 0.944124794211350 
0.830670515010783 0.540957810484820 
0.436049227088997 0.598994596420089 
0.189556800510679 0.387535590425484 
0.194704230572029 0.979224832944481 
0.025917705930071 0.967707201128894 
0.783336354615668 0.798596041602134 
0.088606813263858 0.075771330607861 
0.304381185883006 0.755827639522359 
0.143086947503912 0.970965551123652 
0.045247576822285 0.423396658635678 
0.110636391368589 0.299173734741545 
0.266413778251351 0.461144480478167 
0.767824135118667 0.132466809187716 
0.014835024812260 0.284951261229625 
0.201231675709532 0.739666215207996 
0.113205747348056 0.388140190462955 
0.787592779344003 0.596627821918641 
0.003940078862800 0.486907144956347 
0.200969040066727 0.446701398137452 
0.311304344414050 0.540953208517183 
0.836274055571798 0.929828977442344 
0.825955703926236 0.486631357354051 
0.082403911182312 0.413002908892670 
0.113211663073441 0.212300528512492 
0.078427650800425 0.175312469576511 
0.099694723078681 0.904213634121153 
0.942736284344884 0.027565437321868 
0.802567792030872 0.396148830120016 
0.977744378225826 0.779479412542775 
0.831395343235476 0.567125941796115 
0.021683445079597 0.706694359381750 
0.414736450183989 0.148932926276460 
0.944221906555166 0.315367308208601 
0.481895146870051 0.528820152186776 
0.264091469239812 0.253866150753345 
0.764825049907204 0.262602815856014 
0.004595014288724 0.179088790419873 
0.976004618186504 0.049544870899011 
0.196816943410949 0.749190846699803 
0.865169841587186 0.862780633981507 
0.890551380609674 0.685013081349902 
0.361111991177238 0.777662758964237 
0.139409799919549 0.019257865745243 
0.064317764791284 0.795308662023011 
0.189264315676846 0.235471374998475 
0.072049869617763 0.619749556180107 
0.018128641302944 0.988146280060476 
0.489536083832416 0.914469741871352 
0.450773628224632 0.490767456106817 
0.009255592694527 0.037756182416829 
0.302820022227258 0.460380961893374 
0.624881127637822 0.636161338491134 
0.396745921506418 0.715274598258708 
0.887256265704442 0.761515073349378 
0.836192445310963 0.136615726182631 
0.106857353246253 0.369304349471576 
0.625145418628149 0.725400340006291 
0.560509662112185 0.154871866097708 
0.575017038030580 0.912824846538624 
0.069698045390395 0.688768151448911 
0.455346809474104 0.115200011427447 
0.283632385790521 0.723723971214860 
0.512785316988497 0.763784087081844 
0.622298685224605 0.363092944865759 
0.808221257524371 0.685420513095726 
0.113046507180279 0.504247124153328 
0.303356029071210 0.761622470860434 
0.288834591227390 0.600290775182518 
0.265726619181856 0.251755495541206 
0.907075831227271 0.319591027966468 
0.355121885559900 0.030226173206443 
0.495093828085810 0.125006210049781 
0.704533513097217 0.258093329424531 
0.631523271603074 0.143325694465389 
0.415227575224633 0.686275812906418 
0.432556636413942 0.950318475239924 
0.148218180350831 0.870538768633372 
0.927760243197813 0.057919364620118 
0.913370297147171 0.067698000554708 
0.882252714388709 0.957465693570760 
0.732553467506406 0.477989987096190 
0.150359614447109 0.546529444062106 
0.584714147149636 0.800312960857483 
0.830427701012776 0.646772783750227 
0.928429327880746 0.775051973478926 
0.331303422053938 0.106387788962290 
0.141449382507159 0.503459155311074 
0.958049797207028 0.673064237069710 
0.416933793064670 0.853067644184548 
0.777796450083339 0.422061323656373 
0.012528025481648 0.185376073822124 
0.336188165014981 0.028843127709307 
0.261125996304117 0.975047725876285 
0.260716987749427 0.586869466852559 
0.421107016619305 0.629126725190192 
0.909293959165255 0.988517224405337 
0.269032222128167 0.960281103220625 
0.000736143544103 0.110739593662553 
0.319230072875218 0.319840838558084 
0.598415638725041 0.176953998827650 
0.692396452074322 0.354406228585476 
0.909136858663586 0.702781675014964 
0.949279662673358 0.714060179090708 
0.106379435442437 0.375645301559506 
0.655716477755301 0.810725609764538 
0.790363751513003 0.066863358944795 
0.051730096503090 0.901967116647584 
0.756966604158830 0.929763210454927 
0.960096924457834 0.358543786198774 
0.463335360928239 0.198466985495471 
0.988733361227376 0.963277738951101 
0.950118220130501 0.869388276751709 
0.156450457683389 0.484310936425890 
0.008549659124971 0.921109255834687 
0.303068376328810 0.567580804477847 
0.065199364707475 0.108191368241200 
0.032578374260280 0.201352475074650 
0.598014409464672 0.650605546509431 
0.481985724951760 0.619903759519868 
0.894353441857024 0.332850327422430 
0.908661708876059 0.533966685277399 
0.615033396509690 0.625459373374640 
0.945478262295280 0.002286973082164 
0.937978146604904 0.446482785502759 
0.385694541947379 0.091671050291406 
0.020879946995014 0.091658794955142 
0.528509438148214 0.712147630130107 
0.144354252564829 0.679376357623190 
0.441390036179202 0.659378875716995 
0.175388791540557 0.180160639754985 
0.976730354519356 0.948214280390900 
0.925458493760084 0.730297388807163 
0.018091282611320 0.979287260983855 
0.568497708083306 0.465344175910423 
0.225216776755904 0.944813639684954 
0.530991774963015 0.551659692077812 
0.497217461152303 0.150257780525476 
0.169770183117714 0.442715115151256 
0.479757573588471 0.605290529232587 
0.112653963404565 0.641834157669874 
0.704777105826213 0.320471119577637 
0.352930121941715 0.414141368301114 
0.370225484120939 0.235342378548580 
0.060696458826680 0.957881024958494 
0.342479419316452 0.599136898361018 
0.602440134569399 0.518901868964480 
0.695561798962126 0.927049631855406 
0.444783980994270 0.811985509766621 
0.988974987447819 0.363039788022827 
0.459154540266436 0.898829547354907 
0.529905950375097 0.394383118549205 
0.641196525770394 0.364878526519165 
0.065757173467284 0.383703442670153 
0.412078207587354 0.235829852868614 
0.709401516684702 0.310969735099924 
0.478403025728897 0.579523235158514 
0.412255416104669 0.450953358320534 
0.693262737949198 0.150056019116638 
0.969209538961626 0.450897685184190 
0.483037793068047 0.748349278949459 
0.364651539910404 0.418659803122820 
0.182871042565464 0.197022209249379 
0.250260841488048 0.183342558377125 
0.058311020029064 0.957315390934047 
0.482950711633472 0.848442205345316 
0.881441589806833 0.451936085464026 
0.945278186967972 0.121795382442948 
0.676884690254580 0.100081974394100 
0.320837756255941 0.677116359551116 
0.656383722989874 0.919531709560695 
0.103599801525127 0.978674041309295 
0.420244975125255 0.305574744863854 
0.882850578205909 0.583665293565227 
0.219735035087620 0.257684191777895 
0.864335331419505 0.926099275721482 
0.446602520663634 0.892220778280129 
0.663401677036739 0.981515611138826 
0.544212356825361 0.553087464159735 
0.637385744173692 0.013616323385508 
0.219351870406833 0.212138179472353 
0.412178944300869 0.811899966650709 
0.174587337204980 0.137276156101226 
0.801858005072052 0.443643750872167 
0.578121020055209 0.998560559117670 
0.020457244996130 0.564087479300716 
0.141417941953190 0.681272955774680 
0.941406198186126 0.755430690553247 
0.984442833586336 0.079777615319822 
0.172851903257632 0.198262854893892 
0.434167437532846 0.057142859766643 
0.886030138956136 0.218303237630057 
0.524079070772282 0.572873224003897 
0.659045156088902 0.896835851306807 
0.240741389000582 0.704735210340640 
0.079862737700019 0.984982136946688 
0.498028569525000 0.920541939404842 
0.490017179093068 0.819962071801647 
0.410474798143484 0.491895138721998 
0.044477302640922 0.805752149569789 
0.684250787493233 0.384265495106347 
0.213312740547194 0.291056461509172 
0.847599887826305 0.306425321270597 
0.957246332397223 0.354264923353454 
0.602135940861956 0.857130348469049 
0.071874588591652 0.088080707312978 
0.792226293903501 0.868079763795377 
0.614282502238260 0.465756286462245 
0.361752803216715 0.109567657738974 
0.900975201572359 0.766385894104437 
0.195864535706010 0.498870170699162 
0.297493774029461 0.838459467695954 
0.929905901612783 0.831296846433865 
0.907777834944401 0.188891446277391 
0.648524414698379 0.839966934582585 
0.315283267114820 0.998995214743222 
0.895032703324921 0.082753943132655 
0.728058084992928 0.689381953301123 
0.564419130359753 0.753475340248578 
0.236425484784284 0.582520440867455 
0.062972642176377 0.019286141838372 
0.404617625486179 0.544702602766895 
0.583306785236085 0.897368757965912 
0.086650077466389 0.228416140184189 
0.465638868495543 0.001393748687984 
0.181920853228783 0.681635199726171 
0.394500254481584 0.711859472087280 
0.027464416918736 0.642296283989711 
0.614624027706528 0.454300580199875 
0.261485957069144 0.794235220044341 
0.440576801264120 0.805489180650756 
0.286746020995615 0.625118773576214 
0.081771510395611 0.090134418416702 
0.912561839233059 0.297411839335156 
0.207818629419454 0.979219610894441 
0.360636423640340 0.120179647903253 
0.738743188287179 0.355998446573295 
0.582621621226432 0.792531631068861 
0.060415672772608 0.376805070246281 
0.756267507329851 0.578771748220616 
0.237614952311263 0.221215114185172 
0.902204558059987 0.970827704055867 
0.825461745456024 0.499727996117076 
0.794851602046506 0.195289432893179 
0.564531462077029 0.667023571254146 
0.728637100489416 0.130395039954177 
0.585775583610825 0.074978601352325 
0.244666584071469 0.812560030432788 
0.748451087658221 0.492012008727901 
0.623164951375629 0.732553659441392 
0.387577612228184 0.013960103354039 
0.803467211619374 0.548183884758050 
0.057012520060139 0.296566082162917 
0.406026565285891 0.673360563964005 
0.820054168682801 0.950800760388028 
0.699854146675511 0.442663703038822 
0.261554202637492 0.759614673771231 
0.684000198210820 0.196052089155403 
0.673839904956758 0.098353718800057 
0.933131490273291 0.680104933486420 
0.803317799062406 0.570954385867246 
0.494955142782562 0.620197370966124 
0.135450211864487 0.410166304438310 
0.921184615849358 0.182267980303871 
0.942867006574098 0.632433730322442 
0.463938622569764 0.313344806466944 
0.224694290419567 0.286699575741040 
0.575909031056553 0.626753901200854 
0.224753071670551 0.391278608209875 
0.115329599232839 0.580942173115436 
0.432100661500006 0.314079809039755 
0.075721881308753 0.190104491545187 
0.839457907191743 0.418839872882956 
0.235590809652973 0.400312102182073 
0.763385999723069 0.773662949603637 
0.854687220318548 0.566598303697972 
0.714646488329750 0.598044950650015 
0.431150026048022 0.174463875600312 
0.647998762311322 0.910693080577379 
0.577786280922185 0.063523691868773 
0.417759493570503 0.532833887606045 
0.275942146761409 0.931522981166412 
0.418768700026640 0.200336725649085 
0.121863968310277 0.823710065959466 
0.201977592431008 0.042861685024426 
0.693142954274973 0.645559551815613 
0.319693609195136 0.099373657620798 
0.831783039926712 0.476098780009287 
0.777588383249751 0.856748133785618 
0.465626379099872 0.604596892932435 
0.248894553460792 0.021825663639884 
0.571316754570002 0.765134831259133 
0.640787777774844 0.867155974614939 
0.019675666512257 0.001581633203655 
0.693770772729715 0.526804751377086 
0.338311924346081 0.959760549578467 
0.041946202508291 0.560979227905757 
0.876480664767393 0.174096367695596 
0.565385560096871 0.956861703017107 
0.463652846532994 0.092792669339733 
0.925371942542148 0.487922363438015 
0.415951698814203 0.168596365917185 
0.889114331667784 0.015116319786520 
0.663558071358226 0.331463807021442 
0.422601826481605 0.880751967503919 
0.847381689350359 0.554951265704479 
0.558586162616495 0.019450867381868 
0.464740743519432 0.029909922889338 
0.731251377025092 0.790502151445392 
0.531487689045038 0.667073497051474 
0.609950021842830 0.822047446624569 
0.771964078568544 0.264384708080420 
0.461454990874884 0.349914472496055 
0.048363071086387 0.695414006545604 
0.723497045625505 0.632551164783950 
0.597523032364987 0.901982318977054 
0.781927937272171 0.028394333638641 
0.655871474825587 0.307107227698420 
0.909669792061476 0.233139884049081 
0.222183463947651 0.503649646065089 
0.947681014501560 0.991764551414223 
0.033014108753000 0.719546083896698 
0.586490271173467 0.323781863797179 
0.307110244912136 0.612269397602181 
0.041419407789820 0.930097544304100 
0.452801299511473 0.403168410470922 
0.505437387002300 0.985962944857202 
0.726315146256325 0.226595237444328 
0.010656804010660 0.966907463920061 
0.779159686016583 0.839236066894115 
0.232805579115357 0.503163884611234 
0.139156231452289 0.511820145598083 
0.332576165059326 0.512983356545455 
0.932406446577806 0.008387998948114 
0.143575441408846 0.026369632693309 
0.572419489850035 0.047559501616774 
0.888668207858232 0.178144759219133 
0.717821444000348 0.535748499518517 
0.134828008777642 0.822891580811378 
0.531514565830973 0.164029828440217 
0.881179104616115 0.104200855157609 
0.161849026738872 0.668371756492024 
0.515733586387927 0.096783958053883 
0.410315250761370 0.167204555235201 
0.873398428950184 0.332394510751140 
0.750460214620713 0.510804286594711 
0.781146700367701 0.619135770285068 
0.219176347294532 0.503728206222812 
0.285818734833886 0.068612445588905 
0.214207029561520 0.194546127578120 
0.225838022298628 0.656519536946895 
0.900658057359713 0.166370098378404 
0.930197920639636 0.959642701286817 
0.754499707241512 0.907192275832974 
0.606395017687647 0.935877888595580 
0.752489138308021 0.890798828330402 
0.413555653480412 0.743760802134176 
0.855638617220522 0.957035562212392 
0.307822103746605 0.634129464755096 
0.727300030707416 0.944458713300130 
0.494135311593372 0.888925795684425 
0.077131456096633 0.298912102967109 
0.721871850591484 0.630775436186012 
0.628657254411123 0.558329742080344 
0.721362146274698 0.081867275733588 
0.470827727451129 0.197070853850702 
0.794138376267928 0.511787442951489 
0.472930522260699 0.302351895420852 
0.941829754408155 0.681344881285451 
0.517400976326997 0.950848188230507 
0.946944208944342 0.063058846073512 
0.536523264551072 0.955295339664828 
0.503345108611170 0.498861351595326 
0.726710784533127 0.858928915503498 
0.835051833734468 0.241700046908268 
0.857998453203036 0.669857703181506 
0.239064392503108 0.520110548935065 
0.296575165884801 0.847975100237073 
0.641231145336667 0.863459332449502 
0.214630634837347 0.483769529656911 
0.563750119087538 0.430441462115948 
0.474484913187196 0.441403643848616 
0.868714269820961 0.494550425371860 
0.842915458198897 0.477689453064458 
0.264181206058479 0.057619580060363 
0.516791109767209 0.994094175508281 
0.837568671277256 0.286168129967808 
0.422567895697742 0.130670031914874 
0.815747015013623 0.095167043339681 
0.389897066787678 0.368808236430607 
0.342020088612201 0.739973111229121 
0.093540675483452 0.673975750354363 
0.307256931526987 0.719562433978012 
0.607985846995235 0.480101266986516 
0.175756270362152 0.642827116270136 
0.525593743839965 0.494034146062223 
0.305996336601798 0.964581842407254 
0.851814703191117 0.381508477658852 
0.482243194370742 0.659060114928023 
0.309946505285402 0.885301743880190 
0.245060464499676 0.966062228335301 
0.263107688933684 0.821785822700356 
0.137084375120061 0.318550303658813 
0.192543593108802 0.703825509255555 
0.164997392347684 0.440368394037871 
0.559077583497480 0.445987582200340 
0.619455236136605 0.388898322904578 
0.918465805969520 0.722281627090178 
0.891791276539709 0.009844877408455 
0.361608574862096 0.067161302032384 
0.079643232217377 0.869977026931256 
0.707017283666222 0.737272327528070 
0.983217297400583 0.238533882111166 
0.385630745898113 0.684442066775874 
0.559725140103752 0.099137999850337 
0.627020192622767 0.729662452514921 
0.025599270667191 0.491440574522746 
0.381217755369334 0.173326594313407 
0.574413029362945 0.705356045065195 
0.391848150660093 0.628736700729088 
0.113001454310237 0.980627095776494 
0.973938900479601 0.823908970734681 
0.509099669003009 0.400592789701210 
0.343729728656639 0.480959028650606 
0.590885710416565 0.611416342922902 
0.797996781220066 0.152858968734300 
0.542135157252694 0.846661085745881 
0.646853176710021 0.074115272027577 
0.396265140873776 0.491986845168011 
0.566681954410878 0.664924298747556 
0.048365522581508 0.085870731059893 
0.958803719853081 0.317620294143163 
0.576385617347371 0.219640079776923 
0.974675626329803 0.489738101090053 
0.690964912027951 0.273737557063785 
0.099864548585284 0.929771120023313 
0.817966450952017 0.307021367338963 
0.576731823975800 0.069712722871431 
0.658592479989735 0.702036547822206 
